Wavelength     Transit Depth       Err_Transit Depth   Resolution          
3.745190       -0.0014956796       0.0041724377        195.941055          
3.764285       0.0012966264        0.0018408456        197.134590          
3.783380       0.0008585896        0.0008769603        198.134590          
3.802977       0.0030944053        0.0004359422        194.054216          
3.822072       0.0017651920        0.0002258464        200.160906          
3.841168       0.0017937295        0.0001148999        201.160906          
3.861267       0.0018692169        0.0000643856        192.102861          
3.880362       0.0019198172        0.0000435143        203.213538          
3.899458       0.0018943580        0.0000342359        204.213538          
3.919055       0.0019034922        0.0000321692        199.977293          
3.939155       0.0019646955        0.0000306843        195.977861          
3.959255       0.0019736365        0.0000306777        196.977861          
3.979355       0.0019315927        0.0000308700        197.977861          
3.999455       0.0019553509        0.0000304196        198.977861          
4.020058       0.0019607588        0.0000314843        195.124742          
4.040158       0.0019266901        0.0000317633        201.002861          
4.060258       0.0019284516        0.0000320579        202.002861          
4.081363       0.0019180182        0.0000315937        193.383677          
4.101965       0.0020298930        0.0000319211        199.100352          
4.123070       0.0020104192        0.0000322568        195.359867          
4.144175       0.0020154679        0.0000326117        196.359867          
4.165280       0.0020360943        0.0000329929        197.359867          
4.186385       0.0020423295        0.0000334035        198.359867          
4.207992       0.0020941146        0.0000338299        194.746847          
4.229097       0.0020836209        0.0000334543        200.383677          
4.251207       0.0021427732        0.0000347257        192.275328          
4.272312       0.0021253018        0.0000351823        202.431296          
4.293418       0.0021820004        0.0000348131        203.431296          
4.316030       0.0021021213        0.0000352906        190.869210          
4.338140       0.0021779587        0.0000357923        196.207146          
4.360250       0.0022108158        0.0000363249        197.207146          
4.382360       0.0021495207        0.0000361107        198.207146          
4.404973       0.0021288327        0.0000375368        194.802543          
4.427083       0.0021323299        0.0000381080        200.229873          
4.449193       0.0020748420        0.0000386371        201.229873          
4.472307       0.0020991737        0.0000382673        193.480748          
4.494417       0.0021512181        0.0000395875        203.275328          
4.517030       0.0021156444        0.0000392447        199.758098          
4.540145       0.0021423095        0.0000397766        196.415531          
4.563260       0.0021497104        0.0000403627        197.415531          
4.586375       0.0021052974        0.0000409608        198.415531          
4.609992       0.0020734768        0.0000415952        195.193924          
4.633108       0.0021501554        0.0000414223        200.437270          
4.657227       0.0022642746        0.0000422229        193.085717          
4.681347       0.0021307882        0.0000430342        194.085717          
4.705970       0.0021976925        0.0000437642        191.124784          
4.730090       0.0020857336        0.0000444304        196.106551          
4.754210       0.0020697701        0.0000451506        197.106551          
4.778330       0.0022369693        0.0000450145        198.106551          
4.802952       0.0022229212        0.0000467663        195.063560          
4.828077       0.0021910715        0.0000466343        192.162289          
4.852197       0.0022131255        0.0000485189        201.169051          
4.876317       0.0021501856        0.0000496718        202.169051          
4.900940       0.0022417155        0.0000501896        199.043152          
4.926065       0.0022422734        0.0000520417        196.062289          
4.951190       0.0022364242        0.0000470696        197.062289          
4.998425       0.0023024716        0.0000694015        105.820366          
