Wavelength     Transit Depth       Err_Transit Depth   Resolution          
3.745190       0.0061890711        0.0041723769        195.941055          
3.764285       0.0027902142        0.0018408169        197.134590          
3.783380       0.0027702470        0.0008769475        198.134590          
3.802977       0.0014420437        0.0004359352        194.054216          
3.822072       0.0019985244        0.0002258420        200.160906          
3.841168       0.0019073904        0.0001148973        201.160906          
3.861267       0.0020158465        0.0000643842        192.102861          
3.880362       0.0019929456        0.0000435133        203.213538          
3.899458       0.0019980329        0.0000342351        204.213538          
3.919055       0.0019275251        0.0000321684        199.977293          
3.939155       0.0020097035        0.0000306835        195.977861          
3.959255       0.0019494108        0.0000306769        196.977861          
3.979355       0.0019789207        0.0000308691        197.977861          
3.999455       0.0020085091        0.0000304186        198.977861          
4.020058       0.0019630280        0.0000314832        195.124742          
4.040158       0.0019871850        0.0000317622        201.002861          
4.060258       0.0019903057        0.0000320567        202.002861          
4.081363       0.0020067610        0.0000315924        193.383677          
4.101965       0.0019607199        0.0000319198        199.100352          
4.123070       0.0020915785        0.0000322555        195.359867          
4.144175       0.0020820718        0.0000326103        196.359867          
4.165280       0.0020553428        0.0000329909        197.359867          
4.186385       0.0021715440        0.0000333999        198.359867          
4.207992       0.0023151319        0.0000338248        194.746847          
4.229097       0.0023584241        0.0000334480        200.383677          
4.251207       0.0024234037        0.0000347179        192.275328          
4.272312       0.0025490677        0.0000351734        202.431296          
4.293418       0.0024790061        0.0000348037        203.431296          
4.316030       0.0025647791        0.0000352806        190.869210          
4.338140       0.0025243915        0.0000357821        196.207146          
4.360250       0.0024995185        0.0000363149        197.207146          
4.382360       0.0025399002        0.0000361012        198.207146          
4.404973       0.0025361212        0.0000375270        194.802543          
4.427083       0.0024582618        0.0000380986        200.229873          
4.449193       0.0024704885        0.0000386281        201.229873          
4.472307       0.0023829419        0.0000382588        193.480748          
4.494417       0.0023479015        0.0000395797        203.275328          
4.517030       0.0023719793        0.0000392380        199.758098          
4.540145       0.0022849427        0.0000397709        196.415531          
4.563260       0.0022334678        0.0000403577        197.415531          
4.586375       0.0021958907        0.0000409565        198.415531          
4.609992       0.0022701362        0.0000415915        195.193924          
4.633108       0.0022919685        0.0000414192        200.437270          
4.657227       0.0022981408        0.0000422199        193.085717          
4.681347       0.0022312469        0.0000430312        194.085717          
4.705970       0.0022063124        0.0000437612        191.124784          
4.730090       0.0023089301        0.0000444274        196.106551          
4.754210       0.0022796168        0.0000451476        197.106551          
4.778330       0.0022662393        0.0000450119        198.106551          
4.802952       0.0022939556        0.0000467634        195.063560          
4.828077       0.0022278151        0.0000466314        192.162289          
4.852197       0.0022708620        0.0000485160        201.169051          
4.876317       0.0021868845        0.0000496688        202.169051          
4.900940       0.0022820850        0.0000501867        199.043152          
4.926065       0.0023272933        0.0000520389        196.062289          
4.951190       0.0023299146        0.0000470671        197.062289          
4.998425       0.0023267572        0.0000693978        105.820366          
