2.4123099999999997 0.002046785982504753 7.974143354351598e-05
2.4251224999999996 0.0020320788529488193 5.6615006377109e-05
2.4371825 0.002154770400244695 4.4100132884221396e-05
2.4502474999999997 0.002193096380679638 4.14868473313928e-05
2.4623074999999996 0.002289245560974098 4.010126433336517e-05
2.4743674999999996 0.0022129562901374244 3.966911931751032e-05
2.4864275 0.0022276708197051715 3.929719700506514e-05
2.4994924999999997 0.002306301549282531 3.771489694399617e-05
2.512055 0.002462208481211432 3.759060972642304e-05
2.52512 0.0023566429470715322 3.728837946469591e-05
2.538185 0.0023764881455776723 3.6871571888672174e-05
2.5512499999999996 0.0023988889675602668 3.659013100330313e-05
2.5643149999999997 0.0024804364094851263 3.641341010131169e-05
2.57738 0.0024143344400257335 3.616897414104227e-05
2.590445 0.002423050061099159 3.5537668201465075e-05
2.6040124999999996 0.002337803716217627 3.488325891295505e-05
2.6170774999999997 0.0023338552072382753 3.4677266624499626e-05
2.6301425 0.002426770915307596 3.460692287884368e-05
2.6432075 0.00227600284709474 3.444209746004833e-05
2.6562725 0.002344138363803231 3.296136527293758e-05
2.6703425 0.0024585807886749137 3.398461666493394e-05
2.6834074999999995 0.002410617789880771 3.3821526084901676e-05
2.6964724999999996 0.002449882195945968 3.244897743006132e-05
2.7100400000000002 0.0024645135471108377 3.3452188914135126e-05
2.7241099999999996 0.002375169571471399 3.201483294609674e-05
2.73818 0.0024203496208559548 3.188848170207105e-05
2.75225 0.0023973577693291873 3.079012249680228e-05
2.76632 0.0023987813449413706 3.3055065807282164e-05
2.7803899999999997 0.002418148842480149 3.1658411114055634e-05
2.79446 0.0023991968149176 3.025978306762184e-05
2.8090325 0.0024854110773523896 3.1115590808292916e-05
2.8231025 0.0024681195397532464 3.103769569096858e-05
2.8381774999999996 0.0024600268318920554 2.992624658373793e-05
2.8522475 0.002488695474611898 3.090685127535583e-05
2.8663175 0.0023570452283221822 3.082393713546952e-05
2.8813924999999996 0.002399784559972943 2.9713151549433252e-05
2.8954625 0.002438591007570005 3.0711259817206335e-05
2.9100349999999997 0.002402567805431204 2.9686227426473267e-05
2.92511 0.0024018066266495485 2.9677461982976587e-05
2.9401849999999996 0.0023707799623771337 2.970173416880909e-05
2.95526 0.0023981563392230696 2.9732059203745926e-05
2.970335 0.0023983598127171194 2.9718773044806864e-05
2.98541 0.0023488875908290463 2.9629896680734465e-05
3.0009875 0.0023724611330519113 2.9480612488091948e-05
3.0160625 0.0023548981377623335 2.9366897169608854e-05
3.0311375 0.0022711127075269086 2.9322737010123583e-05
3.0462124999999998 0.0023435515865977063 2.9370017322010005e-05
3.0612874999999997 0.0022914683948409204 2.9452707495665333e-05
3.0763625 0.0022833070823284228 2.853219190904081e-05
3.0924424999999998 0.002296276215846166 2.846994616217225e-05
3.10802 0.0022722213457616763 2.9354229623066638e-05
3.1241 0.0022604591256067453 2.8352067380861245e-05
3.14018 0.0022549332048582833 2.747880793060149e-05
3.15626 0.002191648510000151 2.923941406510352e-05
3.17234 0.0022100133883831206 2.829256926076146e-05
3.18842 0.0022821376194518835 2.7424539918736385e-05
3.2050025 0.002194937374094369 2.8297446969208085e-05
3.2210824999999996 0.002234305159098222 2.8354869391093818e-05
3.2371625 0.0021942892259555428 2.840546474261268e-05
3.2542475 0.002134023278157528 2.760283598535232e-05
3.2703274999999996 0.0022283392525891173 2.8472940165611857e-05
3.2864075 0.0021477979117146013 2.7613500865281316e-05
3.3039949999999996 0.00223213885322952 2.7648569971746487e-05
3.3210800000000003 0.002206687268342931 2.7661872628416864e-05
3.338165 0.0022465017328125716 2.7652975589645563e-05
3.35525 0.0022034234897509615 2.7620149048598133e-05
3.3723349999999996 0.0021758142253255237 2.7579019466257648e-05
3.38942 0.002173182543184677 2.7553739642712283e-05
3.4070074999999997 0.002175988973557771 2.7615092540114615e-05
3.4240924999999995 0.002089304718159152 2.7705624478445788e-05
3.4411775000000002 0.0021470860049801997 2.699762338297017e-05
3.4592675 0.0021770446106765744 2.7048095832006477e-05
3.4773575 0.00214971630318031 2.7061367308406524e-05
3.4954475 0.0021143224107298426 2.7068657470483325e-05
3.513035 0.00216857007775191 2.7926952638524844e-05
3.531125 0.0021026831935757923 2.7217119126472847e-05
3.549215 0.0021116615869465187 2.73294032726301e-05
3.567305 0.0021017762868124745 2.7440306104970156e-05
3.585395 0.002082082000774154 2.6796600682706506e-05
3.6039875 0.0020574462934721083 2.7613935115165556e-05
3.6230824999999998 0.0020002758572351636 2.6963409479798365e-05
3.6411725 0.002048731083820516 2.780456104685574e-05
3.6602675 0.0020514616842833796 2.7176081225790934e-05
3.6783575 0.002084569810141183 2.8037428187132895e-05
3.6974525 0.001973721954579855 2.7429316682927384e-05
3.7160450000000003 0.0019880282817278973 2.7601609722676637e-05
3.73514 0.002015728643534688 2.7752722735375526e-05
3.754235 0.0019414658425075842 2.7902634680622584e-05
3.77333 0.002013476424241027 2.8062002917321705e-05
3.7924249999999997 0.0019738617397241573 2.824473155250746e-05
3.8120225000000003 0.0019426188602223345 2.775776108429428e-05
3.8321224999999997 0.002000965284495175 2.8750676650842976e-05
3.8512174999999997 0.001944485080914431 2.904824873375368e-05
3.8703125 0.001948946393476843 2.9366206409565434e-05
3.8894075 0.0019247976108061986 2.8942720453693006e-05
3.9090049999999996 0.001890368129585063 2.9999526440180835e-05
3.929105 0.001943225126485694 2.9532985496513572e-05
3.949205 0.0019118064978828424 3.0052585615396965e-05
3.9693050000000003 0.0018980758458573318 3.133169526493191e-05
3.989405 0.001947109895490765 3.407111680066895e-05
4.0100075 0.0018587837007864635 4.26367641043466e-05
4.031112500000001 0.0020331248683034945 5.554615303494124e-05
4.0522175 0.0018703806767309146 8.244084654207932e-05
4.0723175000000005 0.0020762279810544577 0.00013474926636362946
4.0934225 0.0020396347266680446 0.00022703426541808652
4.114025 0.0019578097479519114 0.0004384464421677432
4.13513 0.0034553364063522746 0.0009561264685188856
4.156235000000001 0.0020759070007868724 0.0021717309309098555
4.177339999999999 -0.0035167045387862047 0.005374040246113946
4.21955 0.015503519032893017 0.025209122824066173
