2.4123099999999997 0.0022776436293090686 7.973926515225629e-05
2.4251224999999996 0.002191862017001467 5.6613625624084875e-05
2.4371825 0.0021943089076729167 4.4099221958942016e-05
2.4502474999999997 0.002236744377480881 4.148614544410736e-05
2.4623074999999996 0.0022870310277326666 4.0100733056956485e-05
2.4743674999999996 0.0023099148893056948 3.966879285531696e-05
2.4864275 0.0022707397669109123 3.9296980250531426e-05
2.4994924999999997 0.0023099807115134095 3.771479179520051e-05
2.512055 0.0022764596669952166 3.759061304834881e-05
2.52512 0.0023748905191941015 3.728842585975874e-05
2.538185 0.002316441091258148 3.687165222284365e-05
2.5512499999999996 0.002357795437897554 3.659022887693077e-05
2.5643149999999997 0.0023978536602516465 3.641351059461333e-05
2.57738 0.002396704938415542 3.6169068072625376e-05
2.590445 0.0023700932796149195 3.5537762123923265e-05
2.6040124999999996 0.0023188945404529903 3.488335007792738e-05
2.6170774999999997 0.002351551834161254 3.467735343692168e-05
2.6301425 0.002305469928981208 3.460700608803253e-05
2.6432075 0.002391223957135988 3.444218386040349e-05
2.6562725 0.0023637859062055912 3.2961391865611376e-05
2.6703425 0.002422458065625937 3.3984604134116145e-05
2.6834074999999995 0.00245907973442059 3.382153021192385e-05
2.6964724999999996 0.0024695632075784776 3.244899220894614e-05
2.7100400000000002 0.002477933373866765 3.3452216324108967e-05
2.7241099999999996 0.0024800563082012965 3.2014870297019755e-05
2.73818 0.00238662069705836 3.188852820205257e-05
2.75225 0.002405365661577061 3.079017445157958e-05
2.76632 0.0024509248867623716 3.30551302529785e-05
2.7803899999999997 0.002367075506571749 3.1658467270133354e-05
2.79446 0.002418162413959991 3.025982816812115e-05
2.8090325 0.0024039871283034545 3.1115648543521834e-05
2.8231025 0.0024863973168417933 3.103775782069601e-05
2.8381774999999996 0.002467597233918725 2.99263198791625e-05
2.8522475 0.00241308313606518 3.090693957449036e-05
2.8663175 0.0023941963300867478 3.08240271319035e-05
2.8813924999999996 0.0023978150460970205 2.9713248380958994e-05
2.8954625 0.0024463417979325346 3.0711369107975526e-05
2.9100349999999997 0.002431157150694743 2.9686337758443396e-05
2.92511 0.0024124911423902273 2.9677571421912165e-05
2.9401849999999996 0.00241623124218269 2.9701838995321655e-05
2.95526 0.002392813797835029 2.9732164771645725e-05
2.970335 0.0023566851643518003 2.9718872611526652e-05
2.98541 0.0023716192886860136 2.962998250261217e-05
3.0009875 0.002366477905959751 2.9480685974666406e-05
3.0160625 0.0023165319535418632 2.9366942065767514e-05
3.0311375 0.0022914782880890817 2.9322747831679718e-05
3.0462124999999998 0.0023516068040585875 2.9369973570494824e-05
3.0612874999999997 0.0022634433659627358 2.9452554674363e-05
3.0763625 0.0022441028964625127 2.853194524424298e-05
3.0924424999999998 0.0022489415402145055 2.8469626823200046e-05
3.10802 0.0023551528685262237 2.9353836894332255e-05
3.1241 0.0022277842066065704 2.8351609976753613e-05
3.14018 0.0022642902187272867 2.7478314062947764e-05
3.15626 0.002235267508366155 2.9238811316149114e-05
3.17234 0.002292174282153057 2.82919166232414e-05
3.18842 0.00223017013557086 2.7423877748454247e-05
3.2050025 0.0022844370099664854 2.8296772479714057e-05
3.2210824999999996 0.00228607288519879 2.835415515858244e-05
3.2371625 0.0022388772245904246 2.8404693656498937e-05
3.2542475 0.0022495689264690646 2.7602050301660638e-05
3.2703274999999996 0.002208695905153127 2.8472150650941572e-05
3.2864075 0.002189844134316475 2.7612755488753994e-05
3.3039949999999996 0.0022401326299987573 2.764774838531841e-05
3.3210800000000003 0.0022038707724916936 2.766091078539531e-05
3.338165 0.002282809947600091 2.7651950739515744e-05
3.35525 0.00217665171159952 2.761919993543293e-05
3.3723349999999996 0.0022753252129710565 2.757814510969164e-05
3.38942 0.00223064774835634 2.755290017247438e-05
3.4070074999999997 0.002216247017065939 2.761423984899519e-05
3.4240924999999995 0.0022251307845328576 2.770472848146345e-05
3.4411775000000002 0.002200240116039079 2.6996711479169017e-05
3.4592675 0.0022142576814752346 2.7047154815741397e-05
3.4773575 0.0021708510462341416 2.706041125684715e-05
3.4954475 0.00217445630486321 2.7067684425576944e-05
3.513035 0.0021711248125007273 2.792592636542501e-05
3.531125 0.0021689134037750084 2.7216092186854696e-05
3.549215 0.002189046656900083 2.732833814061778e-05
3.567305 0.0021437693725664428 2.743919709174263e-05
3.585395 0.002090951605704702 2.6795510179924162e-05
3.6039875 0.0021112527374752225 2.7612786034863716e-05
3.6230824999999998 0.002091744293252934 2.696224557391606e-05
3.6411725 0.0020705952686360892 2.780332068719167e-05
3.6602675 0.0020867578110224686 2.7174857438003612e-05
3.6783575 0.0020931265250168332 2.8036148970356505e-05
3.6974525 0.0020794217275878824 2.7428020785563414e-05
3.7160450000000003 0.0020847570180175974 2.760024747988456e-05
3.73514 0.002056206970829127 2.7751374450250784e-05
3.754235 0.0020801558014017507 2.790126622441028e-05
3.77333 0.0020821415512179394 2.8060573765599586e-05
3.7924249999999997 0.0020460646685496265 2.8243243302397286e-05
3.8120225000000003 0.0020633245392225846 2.7756326091401867e-05
3.8321224999999997 0.002057946280772421 2.8749198248600836e-05
3.8512174999999997 0.002003956815460307 2.9046700438985885e-05
3.8703125 0.001965701329107585 2.9364590624193364e-05
3.8894075 0.0020104788866210973 2.8941169274493605e-05
3.9090049999999996 0.0019990687897004913 2.9997890971821435e-05
3.929105 0.0019833594717522684 2.95313893014724e-05
3.949205 0.0020372071698391793 3.0051007081128033e-05
3.9693050000000003 0.001991101176806378 3.13300870987477e-05
3.989405 0.001942332319928825 3.406943686666841e-05
4.0100075 0.0019588263146918974 4.2634782067817576e-05
4.031112500000001 0.0019816631255583335 5.554377893002219e-05
4.0522175 0.001998597433626275 8.243777578691932e-05
4.0723175000000005 0.001750905302016963 0.00013474525427948288
4.0934225 0.002015377455757325 0.0002270286469817424
4.114025 0.0015524343723557713 0.0004384379721759379
4.13513 0.0033613232182395348 0.000956112520418354
4.156235000000001 0.004953068455289397 0.0021717026863758886
4.177339999999999 0.0031304329290314957 0.0053739241366335695
4.21955 -0.0063183862140921134 0.02520833657677729
