2.4123099999999997 0.002060095671397368 7.974083802495914e-05
2.4251224999999996 0.0021675084705280873 5.66146312787606e-05
2.4371825 0.002166602275438781 4.409988904953241e-05
2.4502474999999997 0.0021904959829320515 4.148666354804771e-05
2.4623074999999996 0.002251123678304113 4.0101128607410563e-05
2.4743674999999996 0.002264139721988728 3.966903856157868e-05
2.4864275 0.0022562065150163644 3.929714344454577e-05
2.4994924999999997 0.0023776187058809116 3.771486837529435e-05
2.512055 0.0023998893507616004 3.7590604531120906e-05
2.52512 0.002405747766756623 3.728838350566868e-05
2.538185 0.0024101765956235396 3.687158222066469e-05
2.5512499999999996 0.00235011277973816 3.659014435021644e-05
2.5643149999999997 0.0024184434286400446 3.641342389304832e-05
2.57738 0.0024287718296586826 3.616898696322516e-05
2.590445 0.0024127861503246166 3.5537681017221316e-05
2.6040124999999996 0.0023918060825637096 3.4883271359073095e-05
2.6170774999999997 0.002373597575429406 3.467727828082012e-05
2.6301425 0.002370223356042197 3.46069337077063e-05
2.6432075 0.0023333035162047106 3.444210904213777e-05
2.6562725 0.0023835135595444076 3.2961366473265e-05
2.6703425 0.0023307221740393952 3.398461079392333e-05
2.6834074999999995 0.0023989779321302537 3.3821523123945895e-05
2.6964724999999996 0.0023686997162162098 3.2448976406536704e-05
2.7100400000000002 0.002464698519088684 3.345218989848097e-05
2.7241099999999996 0.0024466120636266572 3.201483591929612e-05
2.73818 0.002400318752880083 3.1888486430690165e-05
2.75225 0.0024437636185723594 3.079012787091959e-05
2.76632 0.0024013335355231873 3.3055073145425224e-05
2.7803899999999997 0.002469752718083186 3.165841728439701e-05
2.79446 0.0023893444887364327 3.025978755661847e-05
2.8090325 0.002430797192311758 3.1115597590761776e-05
2.8231025 0.0024839257308506136 3.103770345697859e-05
2.8381774999999996 0.0024216898987622073 2.9926256338898673e-05
2.8522475 0.0024645010708636674 3.0906863438826004e-05
2.8663175 0.002341862308081441 3.0823949648046255e-05
2.8813924999999996 0.002396108117537453 2.9713165117735696e-05
2.8954625 0.002423398866210492 3.071127518596603e-05
2.9100349999999997 0.0024535406679828146 2.968624296700332e-05
2.92511 0.0023852276917067125 2.9677477406869727e-05
2.9401849999999996 0.002382758352890425 2.9701748913215926e-05
2.95526 0.0023543489379703035 2.973207405279822e-05
2.970335 0.0024074754676791923 2.9718786982702234e-05
2.98541 0.002324546446415762 2.9629908491633326e-05
3.0009875 0.002376284064165366 2.9480622161840678e-05
3.0160625 0.0023285013373432473 2.9366901695246338e-05
3.0311375 0.002290540098836182 2.9322734105419064e-05
3.0462124999999998 0.0023340680012791516 2.9370000644517597e-05
3.0612874999999997 0.002281774361033716 2.9452662638137326e-05
3.0763625 0.002290546780131264 2.8532120454051658e-05
3.0924424999999998 0.0022803533489435253 2.8469851720783506e-05
3.10802 0.002250115757117004 2.9354110920233075e-05
3.1241 0.002292629000958219 2.8351927907761065e-05
3.14018 0.002280281553403047 2.747865539611541e-05
3.15626 0.002282313217622194 2.9239226361450884e-05
3.17234 0.002212024258892465 2.8292365446764297e-05
3.18842 0.002262050751628304 2.7424333452580042e-05
3.2050025 0.0022640686792148737 2.829723777159555e-05
3.2210824999999996 0.002266920445571288 2.8354646952023352e-05
3.2371625 0.0022513109674581642 2.8405223359832427e-05
3.2542475 0.002190221431374838 2.760258985469327e-05
3.2703274999999996 0.002198446548716878 2.8472694307444614e-05
3.2864075 0.002222323411669443 2.761326996577202e-05
3.3039949999999996 0.002211496680868343 2.7648313615504277e-05
3.3210800000000003 0.002235162988786224 2.7661568771894435e-05
3.338165 0.0022086743448931994 2.765265005677018e-05
3.35525 0.002208694125668277 2.761984809896342e-05
3.3723349999999996 0.002147562028171405 2.757874338319774e-05
3.38942 0.0022240327979191382 2.7553475073864625e-05
3.4070074999999997 0.002171485724295653 2.7614822715919737e-05
3.4240924999999995 0.0021724238848017576 2.770533968566085e-05
3.4411775000000002 0.0021764591002738777 2.699733194169764e-05
3.4592675 0.002175717243676136 2.7047793588073328e-05
3.4773575 0.002140205808420521 2.7061059193420975e-05
3.4954475 0.002148651835479536 2.706834301163703e-05
3.513035 0.0021282394724657628 2.7926619901615896e-05
3.531125 0.002116102500121692 2.7216784953722703e-05
3.549215 0.0020889955639539297 2.732905513734732e-05
3.567305 0.0021143505280611452 2.7439941714578607e-05
3.585395 0.00210531317260226 2.679624149288805e-05
3.6039875 0.002108651540183994 2.761355547854903e-05
3.6230824999999998 0.002066095541531148 2.696302299755364e-05
3.6411725 0.0020532252443273362 2.7804146583437656e-05
3.6602675 0.0020602404486062724 2.7175671727176378e-05
3.6783575 0.002013457064461707 2.8036999325135633e-05
3.6974525 0.0020258767747909066 2.7428880484721153e-05
3.7160450000000003 0.0020161812453888734 2.760114947191348e-05
3.73514 0.0020142087848083316 2.7752269223522136e-05
3.754235 0.0020024441309543497 2.7902175529272054e-05
3.77333 0.002028841617767379 2.8061522425891218e-05
3.7924249999999997 0.0019940859285189454 2.8244231013420984e-05
3.8120225000000003 0.0020326765500120088 2.7757284709131856e-05
3.8321224999999997 0.001990956771266255 2.875019040325404e-05
3.8512174999999997 0.0020428562072209817 2.9047739813243407e-05
3.8703125 0.001940756283324915 2.936567563496101e-05
3.8894075 0.0019771163844428093 2.8942216519213205e-05
3.9090049999999996 0.0019197660517412257 2.999899665592141e-05
3.929105 0.0019470883538755235 2.9532474858931115e-05
3.949205 0.0019844490715512776 3.0052089491301207e-05
3.9693050000000003 0.0019682414104551147 3.133119573729882e-05
3.989405 0.001983140729321817 3.407060680147616e-05
4.0100075 0.001946276466382877 4.263617843343042e-05
4.031112500000001 0.0019073918309755252 5.5545473639029457e-05
4.0522175 0.0021128058208848377 8.244000197392178e-05
4.0723175000000005 0.0021535592551098527 0.00013474821178983664
4.0934225 0.0020105061125782384 0.00022703283088348114
4.114025 0.002617426906374112 0.00043844435881756146
4.13513 0.0011045332239850633 0.0009561231942764485
4.156235000000001 0.0015161183844305784 0.002171724319727176
4.177339999999999 -0.001425965213559035 0.005374010253000884
4.21955 0.0014925348563014224 0.02520890969243418
