2.4123099999999997 0.0017839510615140284 7.97668612263649e-05
2.4251224999999996 0.0017276808018879361 5.663364066266088e-05
2.4371825 0.0016641229046375288 4.4115099949016146e-05
2.4502474999999997 0.0017114813544297075 4.150134476616321e-05
2.4623074999999996 0.0017356592187277075 4.011566552481753e-05
2.4743674999999996 0.0017130157437973287 3.9683863803747416e-05
2.4864275 0.0017566968597945015 3.931210480538491e-05
2.4994924999999997 0.0018591441374055636 3.772968511202602e-05
2.512055 0.0018414675616624868 3.7605943886811345e-05
2.52512 0.0018258209453555511 3.7303777714680536e-05
2.538185 0.0019016032070639697 3.6887104087016236e-05
2.5512499999999996 0.0018240228971129482 3.660590186708689e-05
2.5643149999999997 0.00187990623428541 3.642921958763119e-05
2.57738 0.0018111804563290244 3.618437991949443e-05
2.590445 0.0018802807172339626 3.555270247009019e-05
2.6040124999999996 0.0018384771521483 3.489777554169031e-05
2.6170774999999997 0.0018179826426891466 3.4691450789333986e-05
2.6301425 0.0018078553768328032 3.4620951800353855e-05
2.6432075 0.0017615895710729238 3.445600110061946e-05
2.6562725 0.0018085254476072228 3.297472304514009e-05
2.6703425 0.0018951913825516198 3.3998675529044035e-05
2.6834074999999995 0.001873277627399255 3.383598201035822e-05
2.6964724999999996 0.0018681614982458494 3.2463101522851314e-05
2.7100400000000002 0.0018238979252209024 3.3466785203204277e-05
2.7241099999999996 0.0018797306546468036 3.2028572808089724e-05
2.73818 0.0018539414843789185 3.1901748963662856e-05
2.75225 0.0018156968040708979 3.080278008115601e-05
2.76632 0.0018482456920910079 3.3069074803188246e-05
2.7803899999999997 0.0018497175449771915 3.167192653937276e-05
2.79446 0.0018708988482784605 3.027265602239105e-05
2.8090325 0.0018915503286662018 3.112921353557567e-05
2.8231025 0.001825906499923093 3.10511093156912e-05
2.8381774999999996 0.0018295552935600663 2.9939205047999514e-05
2.8522475 0.0018053227457426894 3.092019748245402e-05
2.8663175 0.0018092629673139508 3.0836899102716575e-05
2.8813924999999996 0.001837539149249047 2.9725734290291817e-05
2.8954625 0.0018288004189160965 3.072447255108579e-05
2.9100349999999997 0.0018965943818451331 2.969903510991991e-05
2.92511 0.0018825078567023484 2.9690010072515344e-05
2.9401849999999996 0.0018499155430957916 2.9714025986075383e-05
2.95526 0.0017984740606855226 2.9744361468812187e-05
2.970335 0.001812767567405146 2.973094929292219e-05
2.98541 0.0018540757406074729 2.964177961549837e-05
3.0009875 0.0018125462283852718 2.9492370898144928e-05
3.0160625 0.001822530297342552 2.9378300563999205e-05
3.0311375 0.0018269697907128157 2.933401730425075e-05
3.0462124999999998 0.0018529415681149395 2.9381326046713966e-05
3.0612874999999997 0.0018131543033064442 2.9463740806572884e-05
3.0763625 0.0018005511065370635 2.854265364286266e-05
3.0924424999999998 0.0018141679914087188 2.84803506341573e-05
3.10802 0.0017860677380132368 2.9364950162398677e-05
3.1241 0.0017315093741919543 2.8362221306850474e-05
3.14018 0.001804965907244288 2.7488762404493292e-05
3.15626 0.0017947262771499427 2.925001107590688e-05
3.17234 0.001785648629061151 2.83027359841126e-05
3.18842 0.0017364947462899126 2.7434344446583942e-05
3.2050025 0.0017736022004553884 2.8307684778339706e-05
3.2210824999999996 0.0017151241679847402 2.8364995411033908e-05
3.2371625 0.00174993638408331 2.8415370009041223e-05
3.2542475 0.0017116057340657023 2.7612264594313747e-05
3.2703274999999996 0.0017297214153747151 2.8482630764375274e-05
3.2864075 0.0017159339519414237 2.7622924722417757e-05
3.3039949999999996 0.0016903098149119989 2.7658352366398987e-05
3.3210800000000003 0.0017363315534992562 2.7672122545339587e-05
3.338165 0.001715905287795652 2.766321656313459e-05
3.35525 0.0017384380873269058 2.7630077890935155e-05
3.3723349999999996 0.0016846614871020343 2.7588726260190287e-05
3.38942 0.0016952180352610361 2.75633701040957e-05
3.4070074999999997 0.0016499559177367363 2.7624759011018308e-05
3.4240924999999995 0.0016787270825777867 2.771527422078287e-05
3.4411775000000002 0.0016582510428774671 2.700699462330452e-05
3.4592675 0.0017250153115021018 2.7057424986363235e-05
3.4773575 0.0016403260143294021 2.7070603195055543e-05
3.4954475 0.0017111909760739003 2.707786597728482e-05
3.513035 0.0016423442705975318 2.7936309633250288e-05
3.531125 0.0017053145623387575 2.7226136472958758e-05
3.549215 0.00166152820177917 2.7338398487777662e-05
3.567305 0.0016201340091753884 2.7449207219933088e-05
3.585395 0.0016740258504856077 2.680515067804762e-05
3.6039875 0.0016616831447903923 2.7622601543827354e-05
3.6230824999999998 0.0016813028926821855 2.6971733097001137e-05
3.6411725 0.0016409789787854994 2.7813004241059177e-05
3.6602675 0.0016004728156953094 2.7184212682854742e-05
3.6783575 0.0016266628231229362 2.804568690848662e-05
3.6974525 0.0015550795025620929 2.743729268309741e-05
3.7160450000000003 0.0016000044175351617 2.7609574491434556e-05
3.73514 0.0015734334132102615 2.7760692832441254e-05
3.754235 0.001657181236044374 2.7910548991439638e-05
3.77333 0.0015841848765620712 2.806991212429473e-05
3.7924249999999997 0.0015702351979520039 2.825268174306067e-05
3.8120225000000003 0.0015901189348642912 2.7765485812209298e-05
3.8321224999999997 0.0015856443446278707 2.8758522929640275e-05
3.8512174999999997 0.0015606109421416373 2.905611044144964e-05
3.8703125 0.0016189955291357153 2.9374152116011583e-05
3.8894075 0.0015890703033106493 2.8950528435512795e-05
3.9090049999999996 0.0015832921603477215 3.0007514749418324e-05
3.929105 0.0015716938423332998 2.9540773064197484e-05
3.949205 0.001595346512128316 3.0060470147302447e-05
3.9693050000000003 0.00157973423947295 3.1339881056015166e-05
3.989405 0.0015591995536823296 3.4079879789634974e-05
4.0100075 0.0016132800606980327 4.264758925912739e-05
4.031112500000001 0.0015547623023415293 5.556007486543544e-05
4.0522175 0.0015832447336082084 8.246102287714482e-05
4.0723175000000005 0.0014179185841124054 0.0001347807897957856
4.0934225 0.001560927985190421 0.0002270845668445214
4.114025 0.0012225397060449978 0.0004385383337639618
4.13513 0.0012474683135381716 0.0009563176518632982
4.156235000000001 0.002365936289487971 0.0021721494725207634
4.177339999999999 0.009033509277781177 0.005374996661958784
4.21955 0.004658737231120685 0.025213457761430715
