2.4123099999999997 0.002137988973108203 7.974120435316099e-05
2.4251224999999996 0.0022391786904995647 5.661486254800682e-05
2.4371825 0.0022177834417626734 4.410003982535348e-05
2.4502474999999997 0.0021597390817746217 4.1486777667170225e-05
2.4623074999999996 0.002276117222877571 4.010121327919169e-05
2.4743674999999996 0.0022072856543181286 3.9669089275139604e-05
2.4864275 0.002305735200702755 3.929717717776422e-05
2.4994924999999997 0.0023037533646026436 3.7714886278665703e-05
2.512055 0.0023255607798727323 3.7590607558714524e-05
2.52512 0.0023385208270000654 3.728838064126747e-05
2.538185 0.002387272082357531 3.687157526972171e-05
2.5512499999999996 0.0023896867587564325 3.6590135422663074e-05
2.5643149999999997 0.0024534279707084405 3.641341467265769e-05
2.57738 0.002385903407727139 3.6168978387807915e-05
2.590445 0.0024029547265220627 3.55376724435806e-05
2.6040124999999996 0.002412340099204368 3.488326303366165e-05
2.6170774999999997 0.0023802865140766286 3.467727047212173e-05
2.6301425 0.002356509342685274 3.460692643066466e-05
2.6432075 0.0023939953554168725 3.444210128290384e-05
2.6562725 0.0023895969702200206 3.296136553356491e-05
2.6703425 0.0024174056361870766 3.398461448231854e-05
2.6834074999999995 0.002416357718690989 3.382152489623692e-05
2.6964724999999996 0.0024101278423146514 3.244897691362053e-05
2.7100400000000002 0.0024943658488834055 3.3452189079307256e-05
2.7241099999999996 0.002452947316922829 3.201483380910207e-05
2.73818 0.0023600679289564096 3.188848317865363e-05
2.75225 0.002382737334990143 3.079012417104549e-05
2.76632 0.002435871763552921 3.305506815524988e-05
2.7803899999999997 0.0024578135312512826 3.165841307579447e-05
2.79446 0.0024450716732021768 3.0259784460134888e-05
2.8090325 0.002453302641661661 3.111559299967142e-05
2.8231025 0.002424528311858649 3.103769823203276e-05
2.8381774999999996 0.0023639004397509504 2.9926249807650722e-05
2.8522475 0.002410136272749987 3.0906855314300876e-05
2.8663175 0.002415714515646178 3.082394129467973e-05
2.8813924999999996 0.002464985849750246 2.971315606337271e-05
2.8954625 0.0024352597842734777 3.0711264932129855e-05
2.9100349999999997 0.0023970800487378937 2.9686232599478903e-05
2.92511 0.00243490417359541 2.9677467117376613e-05
2.9401849999999996 0.002331105883933939 2.97017390757315e-05
2.95526 0.002415993756703432 2.9732064144833623e-05
2.970335 0.0023985947326296856 2.971877767907221e-05
2.98541 0.002332029548540675 2.962990059776609e-05
3.0009875 0.00237190105784186 2.9480615672109993e-05
3.0160625 0.0023602182951753905 2.936689856760712e-05
3.0311375 0.0022813459356732417 2.9322735712923642e-05
3.0462124999999998 0.0023922441364214618 2.9370010847283678e-05
3.0612874999999997 0.0023051891422688777 2.9452690295341946e-05
3.0763625 0.0022040895217414046 2.853216426684861e-05
3.0924424999999998 0.0022750444461174086 2.8469909191027422e-05
3.10802 0.002279091296883778 2.935418264180687e-05
3.1241 0.002271691839597248 2.8352011767234315e-05
3.14018 0.002234935240687926 2.747874674982542e-05
3.15626 0.002280130380683141 2.9239338429814587e-05
3.17234 0.002258155922780725 2.829248691774631e-05
3.18842 0.0022637291004794784 2.7424456458668173e-05
3.2050025 0.0022334484930312598 2.829736258475555e-05
3.2210824999999996 0.0021969718442358603 2.835477947676049e-05
3.2371625 0.002182003941440078 2.8405366911979474e-05
3.2542475 0.0021374594542556756 2.7602736168960038e-05
3.2703274999999996 0.002180876549258 2.847284075022426e-05
3.2864075 0.002095649749282691 2.761340773871888e-05
3.3039949999999996 0.002247025444493925 2.7648466168630577e-05
3.3210800000000003 0.002223713362928914 2.766174881274198e-05
3.338165 0.0022173988839706135 2.7652842637907582e-05
3.35525 0.002195955881218253 2.7620026319191672e-05
3.3723349999999996 0.002202300516207286 2.757890715474561e-05
3.38942 0.002156656442161195 2.755363214531626e-05
3.4070074999999997 0.002174878155398709 2.7614982734866625e-05
3.4240924999999995 0.0021578304924064515 2.7705508356808617e-05
3.4411775000000002 0.002125531032865318 2.699750427304888e-05
3.4592675 0.0021160193932114714 2.7047972048674314e-05
3.4773575 0.0021251390456697734 2.7061240936990957e-05
3.4954475 0.002138305337206368 2.7068528336771074e-05
3.513035 0.0020977691249174 2.7926815785504097e-05
3.531125 0.002119993117707731 2.72169814740229e-05
3.549215 0.002123565920932211 2.7329259643384154e-05
3.567305 0.002060927169091626 2.7440155492859228e-05
3.585395 0.002059700049046192 2.6796452092891964e-05
3.6039875 0.002058899689167315 2.761377792950065e-05
3.6230824999999998 0.0020809397386482137 2.696324921991155e-05
3.6411725 0.0020328765909848143 2.7804388881121752e-05
3.6602675 0.002036244551612978 2.7175911300628407e-05
3.6783575 0.002043561427315599 2.8037250349820853e-05
3.6974525 0.0020180059432126367 2.742913575838778e-05
3.7160450000000003 0.002017143762915163 2.760141879589556e-05
3.73514 0.0020026355639569293 2.7752535210850775e-05
3.754235 0.0019819862946586202 2.7902445245818792e-05
3.77333 0.0020018956891504134 2.8061804709135506e-05
3.7924249999999997 0.001982562635320091 2.8244525258686632e-05
3.8120225000000003 0.0019333016079228608 2.775756612173501e-05
3.8321224999999997 0.0019144698569094054 2.8750478534046293e-05
3.8512174999999997 0.0019457849163253577 2.9048041653045813e-05
3.8703125 0.0019557342166782836 2.936599070936261e-05
3.8894075 0.001959542469673531 2.8942516628049214e-05
3.9090049999999996 0.0019347959555461715 2.999931255417834e-05
3.929105 0.0019823851445615226 2.953278044511578e-05
3.949205 0.001899862096266872 3.005238785899498e-05
3.9693050000000003 0.0019590443082011058 3.133149714957896e-05
3.989405 0.0019298559343158745 3.407091643231266e-05
4.0100075 0.001909227225041246 4.263653625002227e-05
4.031112500000001 0.0018524693021952415 5.554589142169345e-05
4.0522175 0.0019823501098533546 8.244052510419391e-05
4.0723175000000005 0.00204334847557559 0.00013474886994304774
4.0934225 0.0021724430196271155 0.00022703372976829662
4.114025 0.0018793139445384926 0.00043844567151197453
4.13513 0.0005306671419900775 0.0009561252718714167
4.156235000000001 0.0029319370188543247 0.002171728504101828
4.177339999999999 0.0018025880463407424 0.0053740288298323845
4.21955 -0.004083279095838069 0.02520904051980346
