2.4123099999999997 0.0018084265410200976 7.97538335263269e-05
2.4251224999999996 0.0018855632969781756 5.662398383311492e-05
2.4371825 0.0019280467349233371 4.410729556996392e-05
2.4502474999999997 0.0019345254122986922 4.1493774793198563e-05
2.4623074999999996 0.0019520441020535767 4.010816771463536e-05
2.4743674999999996 0.001978761958642768 3.967622580244529e-05
2.4864275 0.0019859171337175863 3.930440327106499e-05
2.4994924999999997 0.0020097607295630373 3.7722061225360335e-05
2.512055 0.00217004581223223 3.7598071491283706e-05
2.52512 0.0020933897157469957 3.7295945446402036e-05
2.538185 0.0021326982923112066 3.6879211992518894e-05
2.5512499999999996 0.0022140669641928677 3.659792564782425e-05
2.5643149999999997 0.0021504855320217124 3.642124546237066e-05
2.57738 0.0021211801626616444 3.6176560996924425e-05
2.590445 0.0020828007365775903 3.554503262234178e-05
2.6040124999999996 0.002084753444910047 3.489031729465948e-05
2.6170774999999997 0.002081216567545398 3.4684075442364204e-05
2.6301425 0.0021187113598100634 3.4613544992885614e-05
2.6432075 0.0020858328544143814 3.4448625201470835e-05
2.6562725 0.002134929046098556 3.2967500483832835e-05
2.6703425 0.002145078791427315 3.3991020378509685e-05
2.6834074999999995 0.0021765714953150598 3.382820622672653e-05
2.6964724999999996 0.0021703082957790967 3.2455492176908746e-05
2.7100400000000002 0.0022291908951245073 3.3458928066466454e-05
2.7241099999999996 0.00220531121427105 3.20211522535708e-05
2.73818 0.0021678471632048907 3.1894521990730123e-05
2.75225 0.002169098015345884 3.079589817502816e-05
2.76632 0.0021952147551984537 3.3061548130048566e-05
2.7803899999999997 0.0021502008575488697 3.1664679738319593e-05
2.79446 0.0021211660315768833 3.0265743484465686e-05
2.8090325 0.0021496317519219513 3.1121973609692564e-05
2.8231025 0.0022189433988843597 3.104392673925745e-05
2.8381774999999996 0.0021600623038034315 2.9932276150822377e-05
2.8522475 0.002197510437459248 3.091308927609857e-05
2.8663175 0.0020909094876998767 3.082997906375347e-05
2.8813924999999996 0.002142303307853045 2.9719056534988724e-05
2.8954625 0.002143788301280954 3.071748291747888e-05
2.9100349999999997 0.002196040533566332 2.969226277503255e-05
2.92511 0.0021035831234802738 2.9683359095429302e-05
2.9401849999999996 0.0021355243099815827 2.970745570767109e-05
2.95526 0.0021429379946632954 2.9737770911082316e-05
2.970335 0.002106766977813376 2.972441931341473e-05
2.98541 0.0020964862486737494 2.9635386977639494e-05
3.0009875 0.0021125652327449373 2.9486011403916265e-05
3.0160625 0.0021038075054784344 2.937210122544741e-05
3.0311375 0.0020322475442954738 2.932787045543886e-05
3.0462124999999998 0.0020987738249130224 2.9375164002702517e-05
3.0612874999999997 0.0020844591083862894 2.9457729037503905e-05
3.0763625 0.002055639347364504 2.8536964364981692e-05
3.0924424999999998 0.002078496714988602 2.847471872315131e-05
3.10802 0.0020625818719758465 2.9359170224877987e-05
3.1241 0.0020322375381586805 2.835675143144323e-05
3.14018 0.0020171898699576397 2.7483470501529794e-05
3.15626 0.0020077337053204147 2.9244447545811933e-05
3.17234 0.0019931278961183435 2.8297442071471847e-05
3.18842 0.0019822327382818445 2.742926107460422e-05
3.2050025 0.0019441848566143765 2.8302407824009688e-05
3.2210824999999996 0.00199689827168488 2.8359787990103873e-05
3.2371625 0.00199429964003964 2.841028226007191e-05
3.2542475 0.0019787174912081163 2.7607423720883082e-05
3.2703274999999996 0.001960900999962225 2.847763687067842e-05
3.2864075 0.0019361604005769116 2.7618064143721553e-05
3.3039949999999996 0.0019064699809986227 2.7653478850947654e-05
3.3210800000000003 0.0019810155647851267 2.7667271391627952e-05
3.338165 0.0019316066642609182 2.7658435350684513e-05
3.35525 0.0019216534855534095 2.7625325659388888e-05
3.3723349999999996 0.0019604617637680407 2.7583976057250784e-05
3.38942 0.0019872505794216767 2.755861766935184e-05
3.4070074999999997 0.0019192137114954124 2.7620012012898617e-05
3.4240924999999995 0.0019406317746618541 2.7710553845465428e-05
3.4411775000000002 0.0019047913881507451 2.7002451203627043e-05
3.4592675 0.0019027007105894486 2.7052927761291855e-05
3.4773575 0.0018951602627005823 2.706614380313398e-05
3.4954475 0.0019071477479618833 2.707343842006421e-05
3.513035 0.0019258884338823384 2.793179671199884e-05
3.531125 0.00188899251379914 2.7221795649413148e-05
3.549215 0.0018969512643070567 2.733410317750059e-05
3.567305 0.0018306142467010786 2.7444973099529412e-05
3.585395 0.0018571571202818345 2.6801051795733318e-05
3.6039875 0.0019043533291316858 2.7618427131984708e-05
3.6230824999999998 0.001861201791905057 2.696772472352435e-05
3.6411725 0.0018106871006876464 2.780894149061784e-05
3.6602675 0.0017903728254728257 2.7180268336791112e-05
3.6783575 0.0018510298961929626 2.804164972739066e-05
3.6974525 0.0018436818861208785 2.7433402971570127e-05
3.7160450000000003 0.0018168802206561727 2.760573277944256e-05
3.73514 0.0017174926082879126 2.775681930555621e-05
3.754235 0.0017655474894642188 2.790667462878698e-05
3.77333 0.0017426142717275113 2.8066076107732447e-05
3.7924249999999997 0.001803393125635922 2.824888062304134e-05
3.8120225000000003 0.0018217059219767448 2.7761735994238835e-05
3.8321224999999997 0.0017375674286078686 2.8754643674427035e-05
3.8512174999999997 0.0018179970049866199 2.9052250696755346e-05
3.8703125 0.0017595264911754514 2.937030833733453e-05
3.8894075 0.0017463120960691091 2.894672117290419e-05
3.9090049999999996 0.0017435687304060863 3.00035992119802e-05
3.929105 0.0018067048275560045 2.9536923068337075e-05
3.949205 0.0018062779669765897 3.0056536025681393e-05
3.9693050000000003 0.0017776171485217554 3.133576741820715e-05
3.989405 0.0017787809934656255 3.407537907670653e-05
4.0100075 0.0017778487376825536 4.264193085450333e-05
4.031112500000001 0.001874275193116764 5.555269869145931e-05
4.0522175 0.0018078324708605156 8.24501316270657e-05
4.0723175000000005 0.0017589549758788656 0.0001347632206242552
4.0934225 0.0018840975469327555 0.0002270566024720593
4.114025 0.0013931764755579455 0.00043848751200632974
4.13513 0.0034204261411684474 0.0009562115558123035
4.156235000000001 0.002384106722895777 0.0021719096202592616
4.177339999999999 0.009902348554316941 0.0053743458801410555
4.21955 -0.029701694828817984 0.025210115370035927
