2.4123099999999997 0.002151378000686261 7.974159331735978e-05
2.4251224999999996 0.0020786898066277072 5.661510621717017e-05
2.4371825 0.0021676499667015294 4.4100197149189085e-05
2.4502474999999997 0.0021858663675212776 4.1486895080386466e-05
2.4623074999999996 0.0022521803420100725 4.0101299026006445e-05
2.4743674999999996 0.002273054244436404 3.9669139476886864e-05
2.4864275 0.002310990051917601 3.929721021777799e-05
2.4994924999999997 0.002281381026288683 3.771490408704074e-05
2.512055 0.0023701643579117494 3.759061129465068e-05
2.52512 0.002350007982441446 3.7288378856370645e-05
2.538185 0.0023286229471667 3.687156989590515e-05
2.5512499999999996 0.0024637024419634874 3.659012836945386e-05
2.5643149999999997 0.0024104171886987972 3.6413407373897126e-05
2.57738 0.0024062115575015546 3.6168971608400726e-05
2.590445 0.0023975925070174016 3.553766567036447e-05
2.6040124999999996 0.002398989265080029 3.488325645462414e-05
2.6170774999999997 0.002336923555863734 3.467726433756887e-05
2.6301425 0.002419333601431473 3.460692078133761e-05
2.6432075 0.0023612225480746495 3.4442095187343034e-05
2.6562725 0.002421510940725566 3.296136519075343e-05
2.6703425 0.002395977736863362 3.398461809465838e-05
2.6834074999999995 0.002379858489528682 3.382152690573395e-05
2.6964724999999996 0.0023995988631766822 3.244897783226838e-05
2.7100400000000002 0.002436956717118998 3.34521889024934e-05
2.7241099999999996 0.0024564833540991157 3.201483249779062e-05
2.73818 0.002438217378351083 3.1888480869033554e-05
2.75225 0.002385786492035806 3.079012155554792e-05
2.76632 0.0024118108341797864 3.305506445210951e-05
2.7803899999999997 0.002405531227864668 3.1658409988135985e-05
2.79446 0.0023840778084586456 3.0259782286458383e-05
2.8090325 0.002419758618852218 3.111558952888848e-05
2.8231025 0.002452124665532005 3.10376941927758e-05
2.8381774999999996 0.0024742372707311725 2.992624466653124e-05
2.8522475 0.002501951846290244 3.090684886203826e-05
2.8663175 0.0024285365107772697 3.082393464625128e-05
2.8813924999999996 0.002359321167949165 2.9713148845858946e-05
2.8954625 0.0024677980040163526 3.071125675382885e-05
2.9100349999999997 0.0024978957767109833 2.968622432860005e-05
2.92511 0.0023882503144693787 2.9677458907590446e-05
2.9401849999999996 0.002333647857764868 2.970173122921192e-05
2.95526 0.0024302366633894026 2.9732056242712526e-05
2.970335 0.002392235213241989 2.971877026955663e-05
2.98541 0.002391120734733662 2.96298943413836e-05
3.0009875 0.0023253202972184023 2.948061060016413e-05
3.0160625 0.0023318114940134266 2.9366896392524305e-05
3.0311375 0.002369897454999172 2.9322737990734483e-05
3.0462124999999998 0.002338923569318139 2.937002181342925e-05
3.0612874999999997 0.0023186297854788313 2.9452719374775974e-05
3.0763625 0.0022361773675734415 2.853221125961455e-05
3.0924424999999998 0.0022831562824335554 2.8469972470128856e-05
3.10802 0.002224909080197714 2.9354263567857915e-05
3.1241 0.002248270257470356 2.8352108013972402e-05
3.14018 0.002255372957359843 2.7478853015583933e-05
3.15626 0.0022319843591619565 2.923947022240973e-05
3.17234 0.002197856680162875 2.8292630675164083e-05
3.18842 0.002252802807603118 2.7424602228636785e-05
3.2050025 0.0022670956067255134 2.829750978403874e-05
3.2210824999999996 0.00226238652842093 2.835493652168319e-05
3.2371625 0.002221056992035308 2.8405538051032568e-05
3.2542475 0.00216507962695539 2.7602910821675925e-05
3.2703274999999996 0.0021476276089255723 2.8473014320851867e-05
3.2864075 0.002164665578260691 2.761357005856591e-05
3.3039949999999996 0.0021440718928768926 2.764864761551205e-05
3.3210800000000003 0.002250570359219398 2.7661966205322244e-05
3.338165 0.002173663865975844 2.7653076492438168e-05
3.35525 0.00220682940598205 2.76202418994978e-05
3.3723349999999996 0.0022107967303482572 2.757910404626841e-05
3.38942 0.0022372945647484207 2.7553820412263355e-05
3.4070074999999997 0.002160504408278239 2.7615175227139912e-05
3.4240924999999995 0.00212810115028932 2.7705712203017203e-05
3.4411775000000002 0.002174652578895079 2.699771368644694e-05
3.4592675 0.002128639144755634 2.7048189966723656e-05
3.4773575 0.002088326404446881 2.7061463616339994e-05
3.4954475 0.0021358103289559026 2.7068756061101925e-05
3.513035 0.002139151048391537 2.7927057345164474e-05
3.531125 0.0021164204456828152 2.721722465459075e-05
3.549215 0.002084988061946898 2.7329513608217424e-05
3.567305 0.0020795517699101307 2.744042209239671e-05
3.585395 0.0021376781900014317 2.679671523716292e-05
3.6039875 0.0020455129686945918 2.7614056390020397e-05
3.6230824999999998 0.002038847934434157 2.6963533308060513e-05
3.6411725 0.0020168497570469466 2.7804694300618426e-05
3.6602675 0.0019614024802565265 2.7176212333619588e-05
3.6783575 0.001965894766517876 2.8037565073099633e-05
3.6974525 0.0020128101772108682 2.7429455823800168e-05
3.7160450000000003 0.002009447513332734 2.7601756416719668e-05
3.73514 0.0019247064785411735 2.7752866003877127e-05
3.754235 0.0019961615424135687 2.7902778818754928e-05
3.77333 0.0019805720909679657 2.806215358778616e-05
3.7924249999999997 0.0019444505123410764 2.824488807286347e-05
3.8120225000000003 0.0019477459575933161 2.7757907414142024e-05
3.8321224999999997 0.0019000386631889705 2.8750824388441766e-05
3.8512174999999997 0.001901523208256117 2.9048402773230343e-05
3.8703125 0.0019244363078672183 2.9366366476906218e-05
3.8894075 0.0018908280005223797 2.8942870721932488e-05
3.9090049999999996 0.0018964739315512945 2.9999683678030833e-05
3.929105 0.0019318206696430072 2.953313513870209e-05
3.949205 0.001960563193938129 3.0052728499303447e-05
3.9693050000000003 0.0019010658202772215 3.133183744580261e-05
3.989405 0.0019040697332768331 3.40712588157162e-05
4.0100075 0.0019181496565128168 4.2636923675942065e-05
4.031112500000001 0.0018973299499726196 5.5546334125218216e-05
4.0522175 0.0018361768572219435 8.244106624099696e-05
4.0723175000000005 0.0019014653914305641 0.00013474953376436702
4.0934225 0.002042752371400808 0.0002270346244872368
4.114025 0.0020902148602546227 0.0004384469537441802
4.13513 0.001477828048284494 0.0009561272525534445
4.156235000000001 0.0025250690969602536 0.0021717325346262157
4.177339999999999 0.0018903714555786617 0.005374048159390603
4.21955 0.005644426964079048 0.025209180846386493
