2.4123099999999997 0.002250309373270612 7.973896407459273e-05
2.4251224999999996 0.002224353718289746 5.661308110060147e-05
2.4371825 0.002304181675370731 4.409851971064242e-05
2.4502474999999997 0.0023689663871451706 4.1485272506551375e-05
2.4623074999999996 0.0022723495198562764 4.0099748261473544e-05
2.4743674999999996 0.002363111402055552 3.9667647682886264e-05
2.4864275 0.0023216095086706413 3.9295742281505395e-05
2.4994924999999997 0.00233554370166603 3.771346194449688e-05
2.512055 0.002414799358808871 3.758915721415075e-05
2.52512 0.002458626745310629 3.728704962498496e-05
2.538185 0.002436387722604105 3.687023361997466e-05
2.5512499999999996 0.0024716244645153723 3.658881808734922e-05
2.5643149999999997 0.0024188646374100975 3.641212975021632e-05
2.57738 0.0024816302464888604 3.616767116237545e-05
2.590445 0.0023909252947701314 3.55363410963078e-05
2.6040124999999996 0.002379042458448098 3.488190345814945e-05
2.6170774999999997 0.002418702679420134 3.467580884948552e-05
2.6301425 0.0024430066875434707 3.46053000829313e-05
2.6432075 0.0024636912267603723 3.444041939389988e-05
2.6562725 0.002457148805733174 3.295940480774091e-05
2.6703425 0.002424342541037187 3.398235946120785e-05
2.6834074999999995 0.002465310089249675 3.38193537397804e-05
2.6964724999999996 0.0025059948756357177 3.2446830569456074e-05
2.7100400000000002 0.0025647988740757997 3.345000047081738e-05
2.7241099999999996 0.0025202649893227218 3.2012760932795714e-05
2.73818 0.0025378963859276093 3.1886410784247905e-05
2.75225 0.0025111824280630497 3.078819700789802e-05
2.76632 0.0024909381328919763 3.3053075674118776e-05
2.7803899999999997 0.0025576723734651143 3.1656499037107065e-05
2.79446 0.002524921156121418 3.0257930674483946e-05
2.8090325 0.0025365622912782784 3.111374858997795e-05
2.8231025 0.002529131504130803 3.103579906922589e-05
2.8381774999999996 0.0024859517741129635 2.9924447791800984e-05
2.8522475 0.0024790728247071135 3.090507270800724e-05
2.8663175 0.0024958120524664106 3.082221617817152e-05
2.8813924999999996 0.0024539217440342296 2.9711563859657103e-05
2.8954625 0.002554131415625654 3.070963485199487e-05
2.9100349999999997 0.0025023872937351816 2.9684666681769753e-05
2.92511 0.0025126567612993923 2.967592868094583e-05
2.9401849999999996 0.002403500061823452 2.970015568805775e-05
2.95526 0.0024898848947224393 2.9730453172914553e-05
2.970335 0.002423822586397115 2.9717179818244954e-05
2.98541 0.002460281280168707 2.962832682539808e-05
3.0009875 0.002437477595485404 2.9479007027099755e-05
3.0160625 0.002398185917846958 2.9365305139530296e-05
3.0311375 0.0024371587590434783 2.9321143186528527e-05
3.0462124999999998 0.00235074889559459 2.9368419130667213e-05
3.0612874999999997 0.00234180708714473 2.945117212953896e-05
3.0763625 0.002323638016354576 2.8530768584041957e-05
3.0924424999999998 0.0022779421739058986 2.8468574623735245e-05
3.10802 0.002293796802183465 2.935285291618686e-05
3.1241 0.0022945705287905176 2.8350781077703568e-05
3.14018 0.0023051705243972397 2.747765420474392e-05
3.15626 0.0023374148695347874 2.92382921264285e-05
3.17234 0.0022809644759428497 2.8291562339344277e-05
3.18842 0.0022735260677308198 2.7423607962841686e-05
3.2050025 0.0022692787568547937 2.8296522949968483e-05
3.2210824999999996 0.002284415607264822 2.835397491591828e-05
3.2371625 0.002222348179239679 2.8404599855141065e-05
3.2542475 0.0022145842036520465 2.7602017968521488e-05
3.2703274999999996 0.0022224143139413753 2.8472081205544348e-05
3.2864075 0.0022134709745874974 2.7612661199003605e-05
3.3039949999999996 0.0021953654683941302 2.7647933022353342e-05
3.3210800000000003 0.002266344456774061 2.7661551295704503e-05
3.338165 0.0022305650186982833 2.7652736125039914e-05
3.35525 0.002192915615983626 2.7619760112790748e-05
3.3723349999999996 0.0021686040737783014 2.7578496470251912e-05
3.38942 0.00218819557994934 2.7553161540379142e-05
3.4070074999999997 0.0022207872538241636 2.7614536960344542e-05
3.4240924999999995 0.0021392511464778195 2.770509292021559e-05
3.4411775000000002 0.002225103907404126 2.699715293763036e-05
3.4592675 0.0021702617423460927 2.704765056329804e-05
3.4773575 0.00215641159176328 2.7060909081263123e-05
3.4954475 0.002189558852348317 2.7068222278426787e-05
3.513035 0.0021350491348323766 2.7926487506965298e-05
3.531125 0.002113575112375721 2.7216676808180865e-05
3.549215 0.0020817653146833885 2.7329003462597222e-05
3.567305 0.0021512409984736592 2.7439928125975352e-05
3.585395 0.0020771795875387093 2.6796185753948236e-05
3.6039875 0.002110693291246763 2.7613477563420898e-05
3.6230824999999998 0.0020583880310223973 2.6962958678077312e-05
3.6411725 0.0020333585239928776 2.7804091403762306e-05
3.6602675 0.0020784864228527767 2.7175574415849114e-05
3.6783575 0.002006971086765806 2.803685559765813e-05
3.6974525 0.002039075028520059 2.742875684332842e-05
3.7160450000000003 0.0019883574891447825 2.7601087886447254e-05
3.73514 0.00200938763668209 2.7752150300317657e-05
3.754235 0.0020142457605636524 2.790202028195871e-05
3.77333 0.001972233352732091 2.8061413591308318e-05
3.7924249999999997 0.0020243104703321652 2.8244185148717415e-05
3.8120225000000003 0.0019850699546848953 2.7757156206280514e-05
3.8321224999999997 0.0019932884004689915 2.8749971559048228e-05
3.8512174999999997 0.0019771610489288825 2.9047554079765764e-05
3.8703125 0.0020023522018852765 2.9365555705089513e-05
3.8894075 0.0019384504211225847 2.894205520283729e-05
3.9090049999999996 0.001954572525601603 2.999880139838908e-05
3.929105 0.0019298832290969696 2.9532234309436275e-05
3.949205 0.0019851651815180832 3.0051784117121572e-05
3.9693050000000003 0.0019277220117303005 3.133081774536849e-05
3.989405 0.0019806814492956213 3.4070060054183486e-05
4.0100075 0.0020542953127045166 4.263535403476042e-05
4.031112500000001 0.001980318770174581 5.55442526584256e-05
4.0522175 0.0019194172051044736 8.243790801745042e-05
4.0723175000000005 0.0020036244730751796 0.00013474408930807071
4.0934225 0.0017511400341617316 0.00022702624596869267
4.114025 0.0024929524253585636 0.00043843253261814744
4.13513 0.0026961152392516083 0.0009560974176878772
4.156235000000001 0.0016790334020187053 0.002171651369374713
4.177339999999999 -0.0014675562039541132 0.005373625595529471
4.21955 -0.017145067194799263 0.02520634956202623
