2.4123099999999997 0.0017969889362817366 7.976122495017155e-05
2.4251224999999996 0.0017374061621108427 5.662946243714573e-05
2.4371825 0.001856136406410915 4.41117260611357e-05
2.4502474999999997 0.0018397319298246262 4.149807547280455e-05
2.4623074999999996 0.0018375507279225064 4.0112430135497646e-05
2.4743674999999996 0.0018928650081004523 3.968057110699265e-05
2.4864275 0.0019126030663269332 3.930878675044008e-05
2.4994924999999997 0.0019006687244346747 3.77264037710904e-05
2.512055 0.0018291389958949454 3.760255942207163e-05
2.52512 0.001874878981665864 3.7300411587767664e-05
2.538185 0.0019252366407817834 3.688371394505018e-05
2.5512499999999996 0.0019578425696492987 3.660247811639829e-05
2.5643149999999997 0.00197525485769981 3.642579750374345e-05
2.57738 0.0019219506728510713 3.6181021697963926e-05
2.590445 0.00190163674153668 3.554940693908245e-05
2.6040124999999996 0.0019428374590112819 3.4894568923945154e-05
2.6170774999999997 0.001931826129203069 3.4688277478505685e-05
2.6301425 0.0019804839271429114 3.461776314123706e-05
2.6432075 0.0019822028588424856 3.4452825718688535e-05
2.6562725 0.0019656847330566268 3.2971617406031594e-05
2.6703425 0.001992789920947956 3.3995388650966494e-05
2.6834074999999995 0.001958483062012455 3.383264670364799e-05
2.6964724999999996 0.0019762757325156822 3.245983886144344e-05
2.7100400000000002 0.002029019171860708 3.3463415651368746e-05
2.7241099999999996 0.002048132722112609 3.202538803451503e-05
2.73818 0.001944919942738502 3.189864360026346e-05
2.75225 0.001923793596853705 3.0799821335431634e-05
2.76632 0.0019687485035862103 3.306584183828892e-05
2.7803899999999997 0.0019844979160245128 3.166881507316055e-05
2.79446 0.001994515620300026 3.026968845692988e-05
2.8090325 0.0019699554212642676 3.1126108055324555e-05
2.8231025 0.002051387210438866 3.104802693912227e-05
2.8381774999999996 0.001946904458732591 2.99362310371032e-05
2.8522475 0.0019886715123860694 3.091714550059176e-05
2.8663175 0.0019889973373166886 3.083392498741322e-05
2.8813924999999996 0.001997377935041684 2.972286446383007e-05
2.8954625 0.001986443901941525 3.0721469642584736e-05
2.9100349999999997 0.002049333907229732 2.969612534392011e-05
2.92511 0.001998564153485201 2.968715027552197e-05
2.9401849999999996 0.001972473585038829 2.971119873611775e-05
2.95526 0.001997399425991958 2.9741525480887884e-05
2.970335 0.0019135269670305512 2.9728138487611255e-05
2.98541 0.0019781661082060222 2.963902589434939e-05
3.0009875 0.0019411632908000987 2.948963070478948e-05
3.0160625 0.0019207124871369816 2.9375627001300725e-05
3.0311375 0.0019181673451936622 2.9331365548184944e-05
3.0462124999999998 0.0019239205990508623 2.937866771201391e-05
3.0612874999999997 0.0019506606977374072 2.9461144631877633e-05
3.0763625 0.001906223198881912 2.854019475902155e-05
3.0924424999999998 0.0018625854777201368 2.8477916040708584e-05
3.10802 0.0019209984388434025 2.936245120816813e-05
3.1241 0.0018858338819808195 2.8359854389349516e-05
3.14018 0.0018808989656525184 2.748647305574387e-05
3.15626 0.0017970902949172272 2.924760412913413e-05
3.17234 0.0018556250310198578 2.830044487166358e-05
3.18842 0.0018362305626501868 2.7432143827286487e-05
3.2050025 0.0019147090825145019 2.8305401469206828e-05
3.2210824999999996 0.001784104944665201 2.8362741201489732e-05
3.2371625 0.0018689085766127518 2.8413165840878103e-05
3.2542475 0.0018064032643155808 2.7610166038594886e-05
3.2703274999999996 0.0018167445876184477 2.848046566867654e-05
3.2864075 0.001780635762485896 2.7620817882295686e-05
3.3039949999999996 0.0018365800827874852 2.765624332927514e-05
3.3210800000000003 0.0018535922876872302 2.7670027621859726e-05
3.338165 0.0018004928097936888 2.766115203356365e-05
3.35525 0.0018212296655840256 2.762802334597756e-05
3.3723349999999996 0.0018491309538330998 2.7586671023114457e-05
3.38942 0.0017695155376406826 2.756131367387304e-05
3.4070074999999997 0.001760831333587023 2.762270537067958e-05
3.4240924999999995 0.0018039463875984842 2.7713231678184643e-05
3.4411775000000002 0.0017903145895327701 2.7005029181779165e-05
3.4592675 0.001770283205077963 2.7055479991569604e-05
3.4773575 0.0017241923685837697 2.7068674252943255e-05
3.4954475 0.0017650783350186842 2.7075951071717706e-05
3.513035 0.0017853817651218781 2.7934356845805564e-05
3.531125 0.0017328301619382236 2.722425768657738e-05
3.549215 0.0017347143222155464 2.7336539438235943e-05
3.567305 0.0017576160852772937 2.744737382228855e-05
3.585395 0.0017818555988217406 2.6803374879378148e-05
3.6039875 0.0017682629572969694 2.7620792648847796e-05
3.6230824999999998 0.0017510623697548611 2.696999604601649e-05
3.6411725 0.001711698800786774 2.781124320616693e-05
3.6602675 0.0016885028609672675 2.718250221822163e-05
3.6783575 0.001673997309051001 2.804393546339741e-05
3.6974525 0.0017020378217035958 2.7435605303741057e-05
3.7160450000000003 0.0016545741479606513 2.7607908831371544e-05
3.73514 0.001673909707239168 2.7759013259295476e-05
3.754235 0.001667594175598377 2.79088681732273e-05
3.77333 0.0016864005450304559 2.806824919083582e-05
3.7924249999999997 0.0016819808035681717 2.8251036134456783e-05
3.8120225000000003 0.0016990712564703841 2.7763860811757644e-05
3.8321224999999997 0.0017043344078332807 2.8756839220124624e-05
3.8512174999999997 0.0016661901096389823 2.905443624867429e-05
3.8703125 0.0016436261257101973 2.9372486909238622e-05
3.8894075 0.0016436466410799746 2.8948877446873367e-05
3.9090049999999996 0.0016717089990780408 3.000581641312745e-05
3.929105 0.0016631394484233127 2.9539102047233656e-05
3.949205 0.001646143203897759 3.0058761460934172e-05
3.9693050000000003 0.0016889654775951457 3.13380942296079e-05
3.989405 0.001672260862951588 3.4077922125312813e-05
4.0100075 0.0016649388675102762 4.264512520673026e-05
4.031112500000001 0.0016405773283377858 5.555686040129719e-05
4.0522175 0.0016002153586557259 8.245627347769986e-05
4.0723175000000005 0.0014711455695731299 0.00013477312149868858
4.0934225 0.0015494361727372045 0.00022707236759056252
4.114025 0.002357069492364706 0.0004385161816971554
4.13513 0.0027964515564540848 0.0009562714483312748
4.156235000000001 0.00016099070106268034 0.002172045183460778
4.177339999999999 0.0034376704634761063 0.005374715377739724
4.21955 0.001380922913869956 0.025212018433282225
