2.4123099999999997 0.0017243103760354063 7.977124377128844e-05
2.4251224999999996 0.0016623271706301455 5.6636887975704236e-05
2.4371825 0.0015976721856960046 4.411771856681263e-05
2.4502474999999997 0.001676225847454555 4.15038785299228e-05
2.4623074999999996 0.0016956824266201433 4.0118169980895066e-05
2.4743674999999996 0.0016631526085379251 3.968640915360648e-05
2.4864275 0.0016324765158197221 3.93146676143175e-05
2.4994924999999997 0.001682286954501989 3.7732216093173145e-05
2.512055 0.0018010969326315459 3.760855039079687e-05
2.52512 0.0017142835884936594 3.7306369267885094e-05
2.538185 0.0017037001443978234 3.688971228002915e-05
2.5512499999999996 0.0016790557287390076 3.660853341813879e-05
2.5643149999999997 0.0017742175460957615 3.6431849106795825e-05
2.57738 0.001741839773812537 3.618696281856508e-05
2.590445 0.001700127238230502 3.5555238202980724e-05
2.6040124999999996 0.0017063506324682706 3.490024466097782e-05
2.6170774999999997 0.0017137703256615055 3.4693896126642124e-05
2.6301425 0.0017452635912083504 3.4623410009907485e-05
2.6432075 0.0017257149529783708 3.4458448992175336e-05
2.6562725 0.001716506486636888 3.2977113692598535e-05
2.6703425 0.0017457711458952149 3.4001201294508516e-05
2.6834074999999995 0.0017971276734720194 3.383854183237557e-05
2.6964724999999996 0.0017838632682661496 3.246560392219041e-05
2.7100400000000002 0.001753921893882487 3.3469370015284804e-05
2.7241099999999996 0.001790259013253861 3.203101813871857e-05
2.73818 0.001740961120369371 3.190413675527392e-05
2.75225 0.001775357257055739 3.0805056814165854e-05
2.76632 0.001788729389164174 3.307155976117209e-05
2.7803899999999997 0.0017516128517392998 3.1674316971346755e-05
2.79446 0.0017358589024034138 3.0274935637943175e-05
2.8090325 0.0017685947985692462 3.1131596591858696e-05
2.8231025 0.0017021415682012624 3.105347589760871e-05
2.8381774999999996 0.0017741292024294425 2.9941488800615737e-05
2.8522475 0.0017528257762530202 3.092254206180492e-05
2.8663175 0.0017403134535754034 3.083918670398569e-05
2.8813924999999996 0.001780859365926174 2.9727941538162853e-05
2.8954625 0.0017472528812636902 3.072678106243258e-05
2.9100349999999997 0.0017085967455238965 2.970127211329748e-05
2.92511 0.0017556337250276232 2.969221081542667e-05
2.9401849999999996 0.0017280002572121812 2.97162036228512e-05
2.95526 0.0017785035369565455 2.9746545793027977e-05
2.970335 0.0017601015550718158 2.9733115127762106e-05
2.98541 0.001659859991924618 2.964390347150969e-05
3.0009875 0.00168470281058741 2.9494484874132336e-05
3.0160625 0.0016943164710748772 2.9380365482763635e-05
3.0311375 0.0016878522079126826 2.9336066185279173e-05
3.0462124999999998 0.0017665620036074363 2.9383380003963676e-05
3.0612874999999997 0.0016962905752080384 2.9465749458686734e-05
3.0763625 0.0017499526162056216 2.8544558174292804e-05
3.0924424999999998 0.0016711332044752223 2.8482236982094084e-05
3.10802 0.001748190574430862 2.9366886846781836e-05
3.1241 0.0016623070485647443 2.836405777960443e-05
3.14018 0.0017120200790253731 2.7490538483891625e-05
3.15626 0.0016737332714999531 2.9251878975544637e-05
3.17234 0.001663607690394512 2.830451518702215e-05
3.18842 0.0017489243240285757 2.743605414212142e-05
3.2050025 0.0016904171581227903 2.8309457653303325e-05
3.2210824999999996 0.001696581957021485 2.8366746899397852e-05
3.2371625 0.0016372615818176155 2.8417084698108352e-05
3.2542475 0.0015944988034755627 2.761389868115615e-05
3.2703274999999996 0.001651165634359457 2.8484316580792655e-05
3.2864075 0.0016700634271267524 2.762456459516294e-05
3.3039949999999996 0.0016457917493771764 2.7659991997888067e-05
3.3210800000000003 0.0016347652167895028 2.7673749146181508e-05
3.338165 0.001655935408781601 2.7664820260787812e-05
3.35525 0.001624003734627988 2.7631675163092938e-05
3.3723349999999996 0.0016394826592411576 2.7590324633257723e-05
3.38942 0.001645882085665866 2.7564969347728346e-05
3.4070074999999997 0.0016743745583348575 2.7626355998648667e-05
3.4240924999999995 0.0016401044301895215 2.7716863322841672e-05
3.4411775000000002 0.0016459977163911013 2.7008523938111134e-05
3.4592675 0.0016565103878850636 2.7058938567806934e-05
3.4773575 0.0015773588985682607 2.707210478882926e-05
3.4954475 0.001611043049172181 2.707935667472896e-05
3.513035 0.001562253113000958 2.793783090362859e-05
3.531125 0.0015640412048330936 2.7227600911409216e-05
3.549215 0.001622523685244302 2.733984808857805e-05
3.567305 0.0015971313504479336 2.7450638042980327e-05
3.585395 0.0015783868436558917 2.680653746740884e-05
3.6039875 0.0015608561787750145 2.762401466464547e-05
3.6230824999999998 0.001524982514019268 2.6973090582098243e-05
3.6411725 0.0015384225770738718 2.781438138149346e-05
3.6602675 0.0015752516728759845 2.718555091153169e-05
3.6783575 0.00156533503377537 2.8047057861673146e-05
3.6974525 0.0015729210763630523 2.7438613846877904e-05
3.7160450000000003 0.0015299418106374616 2.7610878585787475e-05
3.73514 0.0014857695891670492 2.7762007789545403e-05
3.754235 0.0015874742131328533 2.791186561142203e-05
3.77333 0.0014949262888094162 2.8071214312455274e-05
3.7924249999999997 0.0015438469604817737 2.8253969324132996e-05
3.8120225000000003 0.001497519171981035 2.7766758197115177e-05
3.8321224999999997 0.001550177344646829 2.8759843044267137e-05
3.8512174999999997 0.0015287919404574993 2.9057422798672032e-05
3.8703125 0.0015024004230781366 2.9375456487435602e-05
3.8894075 0.0015075788323112706 2.895182268770334e-05
3.9090049999999996 0.0015100081066833468 3.000884659353086e-05
3.929105 0.0015098063338108581 2.954208419149697e-05
3.949205 0.001478859339538945 3.0061811389957446e-05
3.9693050000000003 0.0014728244142644925 3.1341283550148046e-05
3.989405 0.0015115034229307887 3.408141774881885e-05
4.0100075 0.0015544159761025896 4.264952611026913e-05
4.031112500000001 0.0015836977686531557 5.556260192080678e-05
4.0522175 0.0016224440076106547 8.246475617955047e-05
4.0723175000000005 0.001566357633165864 0.00013478681606192338
4.0934225 0.0018317950807145457 0.00022709414577679851
4.114025 0.0027649481488805573 0.0004385557054652366
4.13513 0.0015695058692174059 0.0009563538325380673
4.156235000000001 0.0029119026373152276 0.0021722309656891825
4.177339999999999 -0.004488114975043487 0.005375214863035811
4.21955 -0.015692285159182105 0.025214568854131012
