Wavelength     Transit Depth       Err_Transit Depth   Resolution          
2.412310       0.0020600957        0.0000797408        196.398593          
2.425123       0.0021675085        0.0000566146        189.277854          
2.437183       0.0021666023        0.0000440999        202.088101          
2.450248       0.0021904960        0.0000414867        187.542863          
2.462308       0.0022511237        0.0000401011        204.171434          
2.474368       0.0022641397        0.0000396690        205.171434          
2.486428       0.0022562065        0.0000392971        206.171434          
2.499493       0.0023776187        0.0000377149        191.312093          
2.512055       0.0023998894        0.0000375906        199.964577          
2.525120       0.0024057478        0.0000372884        193.273632          
2.538185       0.0024101766        0.0000368716        194.273632          
2.551250       0.0023501128        0.0000365901        195.273632          
2.564315       0.0024184434        0.0000364134        196.273632          
2.577380       0.0024287718        0.0000361690        197.273632          
2.590445       0.0024127862        0.0000355377        198.273632          
2.604013       0.0023918061        0.0000348833        191.930164          
2.617078       0.0023735976        0.0000346773        200.312093          
2.630142       0.0023702234        0.0000346069        201.312093          
2.643207       0.0023333035        0.0000344421        202.312093          
2.656273       0.0023835136        0.0000329614        203.312093          
2.670342       0.0023307222        0.0000339846        189.789801          
2.683407       0.0023989779        0.0000338215        205.389016          
2.696473       0.0023686997        0.0000324490        206.389016          
2.710040       0.0024646985        0.0000334522        199.744979          
2.724110       0.0024466121        0.0000320148        193.611230          
2.738180       0.0024003188        0.0000318885        194.611230          
2.752250       0.0024437636        0.0000307901        195.611230          
2.766320       0.0024013335        0.0000330551        196.611230          
2.780390       0.0024697527        0.0000316584        197.611230          
2.794460       0.0023893445        0.0000302598        198.611230          
2.809032       0.0024307972        0.0000311156        192.762566          
2.823103       0.0024839257        0.0000310377        200.646944          
2.838178       0.0024216899        0.0000299263        188.270481          
2.852247       0.0024645011        0.0000309069        202.718372          
2.866318       0.0023418623        0.0000308239        203.718372          
2.881393       0.0023961081        0.0000297132        191.137148          
2.895462       0.0024233989        0.0000307113        205.789801          
2.910035       0.0024535407        0.0000296862        199.693601          
2.925110       0.0023852277        0.0000296775        194.037148          
2.940185       0.0023827584        0.0000297017        195.037148          
2.955260       0.0023543489        0.0000297321        196.037148          
2.970335       0.0024074755        0.0000297188        197.037148          
2.985410       0.0023245464        0.0000296299        198.037148          
3.000987       0.0023762841        0.0000294806        192.648853          
3.016062       0.0023285013        0.0000293669        200.070481          
3.031137       0.0022905401        0.0000293227        201.070481          
3.046213       0.0023340680        0.0000293700        202.070481          
3.061288       0.0022817744        0.0000294527        203.070481          
3.076363       0.0022905468        0.0000285321        204.070481          
3.092443       0.0022803533        0.0000284699        192.316076          
3.108020       0.0022501158        0.0000293541        199.519820          
3.124100       0.0022926290        0.0000283519        194.284826          
3.140180       0.0022802816        0.0000274787        195.284826          
3.156260       0.0022823132        0.0000292392        196.284826          
3.172340       0.0022120243        0.0000282924        197.284826          
3.188420       0.0022620508        0.0000274243        198.284826          
3.205002       0.0022640687        0.0000282972        193.276195          
3.221083       0.0022669204        0.0000283546        200.316076          
3.237163       0.0022513110        0.0000284052        201.316076          
3.254247       0.0021902214        0.0000276026        190.473954          
3.270328       0.0021984465        0.0000284727        203.378576          
3.286408       0.0022223234        0.0000276133        204.378576          
3.303995       0.0022114967        0.0000276483        187.860412          
3.321080       0.0022351630        0.0000276616        194.385718          
3.338165       0.0022086743        0.0000276527        195.385718          
3.355250       0.0022086941        0.0000276198        196.385718          
3.372335       0.0021475620        0.0000275787        197.385718          
3.389420       0.0022240328        0.0000275535        198.385718          
3.407008       0.0021714857        0.0000276148        193.717555          
3.424092       0.0021724239        0.0000277053        200.415130          
3.441177       0.0021764591        0.0000269973        201.415130          
3.459268       0.0021757172        0.0000270478        191.225401          
3.477358       0.0021402058        0.0000270611        192.225401          
3.495448       0.0021486518        0.0000270683        193.225401          
3.513035       0.0021282395        0.0000279266        199.746127          
3.531125       0.0021161025        0.0000272168        195.197623          
3.549215       0.0020889956        0.0000273291        196.197623          
3.567305       0.0021143505        0.0000274399        197.197623          
3.585395       0.0021053132        0.0000267962        198.197623          
3.603988       0.0021086515        0.0000276136        193.840930          
3.623083       0.0020660955        0.0000269630        189.739853          
3.641173       0.0020532252        0.0000278041        201.280956          
3.660267       0.0020602404        0.0000271757        191.687222          
3.678358       0.0020134571        0.0000280370        203.336512          
3.697452       0.0020258768        0.0000274289        193.634590          
3.716045       0.0020161812        0.0000276011        199.867958          
3.735140       0.0020142088        0.0000277523        195.608274          
3.754235       0.0020024441        0.0000279022        196.608274          
3.773330       0.0020288416        0.0000280615        197.608274          
3.792425       0.0019940859        0.0000282442        198.608274          
3.812022       0.0020326766        0.0000277573        194.515755          
3.832123       0.0019909568        0.0000287502        190.652861          
3.851218       0.0020428562        0.0000290477        201.687222          
3.870312       0.0019407563        0.0000293657        202.687222          
3.889407       0.0019771164        0.0000289422        203.687222          
3.909005       0.0019197661        0.0000299990        199.464473          
3.929105       0.0019470884        0.0000295325        195.477861          
3.949205       0.0019844491        0.0000300521        196.477861          
3.969305       0.0019682414        0.0000313312        197.477861          
3.989405       0.0019831407        0.0000340706        198.477861          
4.010008       0.0019462765        0.0000426362        194.636937          
4.031113       0.0019073918        0.0000555455        191.002724          
4.052218       0.0021128058        0.0000824400        192.002724          
4.072318       0.0021535593        0.0001347482        202.602861          
4.093422       0.0020105061        0.0002270328        193.955105          
4.114025       0.0026174269        0.0004384444        199.685718          
4.135130       0.0011045332        0.0009561232        195.931296          
4.156235       0.0015161184        0.0021717243        196.931296          
4.177340       -0.0014259652       0.0053740103        197.931296          
4.219550       0.0014925349        0.0252089097        99.965648           
