Wavelength     Transit Depth       Err_Transit Depth   Resolution          
2.412310       0.0022776436        0.0000797393        196.398593          
2.425123       0.0021918620        0.0000566136        189.277854          
2.437183       0.0021943089        0.0000440992        202.088101          
2.450248       0.0022367444        0.0000414861        187.542863          
2.462308       0.0022870310        0.0000401007        204.171434          
2.474368       0.0023099149        0.0000396688        205.171434          
2.486428       0.0022707398        0.0000392970        206.171434          
2.499493       0.0023099807        0.0000377148        191.312093          
2.512055       0.0022764597        0.0000375906        199.964577          
2.525120       0.0023748905        0.0000372884        193.273632          
2.538185       0.0023164411        0.0000368717        194.273632          
2.551250       0.0023577954        0.0000365902        195.273632          
2.564315       0.0023978537        0.0000364135        196.273632          
2.577380       0.0023967049        0.0000361691        197.273632          
2.590445       0.0023700933        0.0000355378        198.273632          
2.604013       0.0023188945        0.0000348834        191.930164          
2.617078       0.0023515518        0.0000346774        200.312093          
2.630142       0.0023054699        0.0000346070        201.312093          
2.643207       0.0023912240        0.0000344422        202.312093          
2.656273       0.0023637859        0.0000329614        203.312093          
2.670342       0.0024224581        0.0000339846        189.789801          
2.683407       0.0024590797        0.0000338215        205.389016          
2.696473       0.0024695632        0.0000324490        206.389016          
2.710040       0.0024779334        0.0000334522        199.744979          
2.724110       0.0024800563        0.0000320149        193.611230          
2.738180       0.0023866207        0.0000318885        194.611230          
2.752250       0.0024053657        0.0000307902        195.611230          
2.766320       0.0024509249        0.0000330551        196.611230          
2.780390       0.0023670755        0.0000316585        197.611230          
2.794460       0.0024181624        0.0000302598        198.611230          
2.809032       0.0024039871        0.0000311156        192.762566          
2.823103       0.0024863973        0.0000310378        200.646944          
2.838178       0.0024675972        0.0000299263        188.270481          
2.852247       0.0024130831        0.0000309069        202.718372          
2.866318       0.0023941963        0.0000308240        203.718372          
2.881393       0.0023978150        0.0000297132        191.137148          
2.895462       0.0024463418        0.0000307114        205.789801          
2.910035       0.0024311572        0.0000296863        199.693601          
2.925110       0.0024124911        0.0000296776        194.037148          
2.940185       0.0024162312        0.0000297018        195.037148          
2.955260       0.0023928138        0.0000297322        196.037148          
2.970335       0.0023566852        0.0000297189        197.037148          
2.985410       0.0023716193        0.0000296300        198.037148          
3.000987       0.0023664779        0.0000294807        192.648853          
3.016062       0.0023165320        0.0000293669        200.070481          
3.031137       0.0022914783        0.0000293227        201.070481          
3.046213       0.0023516068        0.0000293700        202.070481          
3.061288       0.0022634434        0.0000294526        203.070481          
3.076363       0.0022441029        0.0000285319        204.070481          
3.092443       0.0022489415        0.0000284696        192.316076          
3.108020       0.0023551529        0.0000293538        199.519820          
3.124100       0.0022277842        0.0000283516        194.284826          
3.140180       0.0022642902        0.0000274783        195.284826          
3.156260       0.0022352675        0.0000292388        196.284826          
3.172340       0.0022921743        0.0000282919        197.284826          
3.188420       0.0022301701        0.0000274239        198.284826          
3.205002       0.0022844370        0.0000282968        193.276195          
3.221083       0.0022860729        0.0000283542        200.316076          
3.237163       0.0022388772        0.0000284047        201.316076          
3.254247       0.0022495689        0.0000276021        190.473954          
3.270328       0.0022086959        0.0000284722        203.378576          
3.286408       0.0021898441        0.0000276128        204.378576          
3.303995       0.0022401326        0.0000276477        187.860412          
3.321080       0.0022038708        0.0000276609        194.385718          
3.338165       0.0022828099        0.0000276520        195.385718          
3.355250       0.0021766517        0.0000276192        196.385718          
3.372335       0.0022753252        0.0000275781        197.385718          
3.389420       0.0022306477        0.0000275529        198.385718          
3.407008       0.0022162470        0.0000276142        193.717555          
3.424092       0.0022251308        0.0000277047        200.415130          
3.441177       0.0022002401        0.0000269967        201.415130          
3.459268       0.0022142577        0.0000270472        191.225401          
3.477358       0.0021708510        0.0000270604        192.225401          
3.495448       0.0021744563        0.0000270677        193.225401          
3.513035       0.0021711248        0.0000279259        199.746127          
3.531125       0.0021689134        0.0000272161        195.197623          
3.549215       0.0021890467        0.0000273283        196.197623          
3.567305       0.0021437694        0.0000274392        197.197623          
3.585395       0.0020909516        0.0000267955        198.197623          
3.603988       0.0021112527        0.0000276128        193.840930          
3.623083       0.0020917443        0.0000269622        189.739853          
3.641173       0.0020705953        0.0000278033        201.280956          
3.660267       0.0020867578        0.0000271749        191.687222          
3.678358       0.0020931265        0.0000280361        203.336512          
3.697452       0.0020794217        0.0000274280        193.634590          
3.716045       0.0020847570        0.0000276002        199.867958          
3.735140       0.0020562070        0.0000277514        195.608274          
3.754235       0.0020801558        0.0000279013        196.608274          
3.773330       0.0020821416        0.0000280606        197.608274          
3.792425       0.0020460647        0.0000282432        198.608274          
3.812022       0.0020633245        0.0000277563        194.515755          
3.832123       0.0020579463        0.0000287492        190.652861          
3.851218       0.0020039568        0.0000290467        201.687222          
3.870312       0.0019657013        0.0000293646        202.687222          
3.889407       0.0020104789        0.0000289412        203.687222          
3.909005       0.0019990688        0.0000299979        199.464473          
3.929105       0.0019833595        0.0000295314        195.477861          
3.949205       0.0020372072        0.0000300510        196.477861          
3.969305       0.0019911012        0.0000313301        197.477861          
3.989405       0.0019423323        0.0000340694        198.477861          
4.010008       0.0019588263        0.0000426348        194.636937          
4.031113       0.0019816631        0.0000555438        191.002724          
4.052218       0.0019985974        0.0000824378        192.002724          
4.072318       0.0017509053        0.0001347453        202.602861          
4.093422       0.0020153775        0.0002270286        193.955105          
4.114025       0.0015524344        0.0004384380        199.685718          
4.135130       0.0033613232        0.0009561125        195.931296          
4.156235       0.0049530685        0.0021717027        196.931296          
4.177340       0.0031304329        0.0053739241        197.931296          
4.219550       -0.0063183862       0.0252083366        99.965648           
