3.74519 0.00028600344054564543 0.00417339198905084
3.764285 0.0010583278554992946 0.001841272517419618
3.78338 0.0003816604125758503 0.000877172557722198
3.8029775 0.001332708801018228 0.00043605467833230505
3.8220725 0.0016366511991197654 0.00022590899241548514
3.8411675 0.0016576173754079826 0.00011493383888610121
3.8612675 0.0014285292219701723 6.440542936843536e-05
3.8803624999999995 0.0014283236439754207 4.3527880076025645e-05
3.8994574999999996 0.0015198163656709722 3.424657417412131e-05
3.919055 0.0014905483437336001 3.2179162364936666e-05
3.939155 0.0015101610592055345 3.069378260673763e-05
3.9592549999999997 0.0015186670599138664 3.0687132411158826e-05
3.979355 0.0015456770810818835 3.087941907250133e-05
3.999455 0.0015264847869499267 3.042883055733838e-05
4.0200575 0.0015038381927870313 3.149382254101664e-05
4.0401575 0.0015509124930526929 3.177294677343323e-05
4.0602575000000005 0.001514936692746062 3.2067681169328885e-05
4.0813625 0.0015999190193483597 3.160345694037161e-05
4.101965 0.0015858770183817695 3.19311415668502e-05
4.12307 0.001565331418868277 3.226715446844353e-05
4.144175000000001 0.0015692055396917682 3.2622431446902456e-05
4.165279999999999 0.001578771852445658 3.300378175405367e-05
4.186385 0.0016369944514327936 3.3414278078099964e-05
4.2079925 0.001610578833880236 3.384077655843122e-05
4.2290975 0.0017476208558671188 3.346496953579485e-05
4.2512075 0.0017967526941590477 3.4736570156131184e-05
4.2723125 0.0017060292893404324 3.5192926571137455e-05
4.2934175 0.001748942267658106 3.4823446353439495e-05
4.31603 0.0017787493223595052 3.530083915718164e-05
4.338139999999999 0.001738675616617333 3.580268031983004e-05
4.360250000000001 0.0017686453631606223 3.6335593514772895e-05
4.38236 0.001781277425017492 3.6121486602002475e-05
4.4049724999999995 0.0017064749035939535 3.7547734524741796e-05
4.4270825 0.0017137285808276773 3.8119306233052234e-05
4.4491925000000005 0.0018222433395877582 3.864870368882334e-05
4.472307499999999 0.0017485729276159503 3.8278467948992545e-05
4.4944175 0.001702628830985683 3.959955626015042e-05
4.51703 0.001733759857488072 3.9257181560132604e-05
4.540145 0.0017066432645977574 3.9789721512798354e-05
4.56326 0.001622228324129784 4.037634332321506e-05
4.586374999999999 0.001587283360390483 4.0975019056229305e-05
4.609992499999999 0.0016092927033237946 4.161040719917152e-05
4.6331074999999995 0.00168068569400832 4.143828412281504e-05
4.657227499999999 0.0016131669797116676 4.223959407453808e-05
4.681347499999999 0.0016737712086062277 4.3051232408673806e-05
4.705969999999999 0.0016242868979533791 4.3781831270044444e-05
4.730089999999999 0.0015926643329329908 4.4447997454828616e-05
4.754209999999999 0.0016204525218136044 4.516797295480257e-05
4.7783299999999995 0.0016698913518761302 4.503262743687039e-05
4.8029525 0.0016931542387350756 4.678478628529603e-05
4.828077499999999 0.0016440867150118367 4.6652721116045735e-05
4.852197499999999 0.0016047861421898176 4.853827001680035e-05
4.876317499999999 0.0016771146035826849 4.9691650889630594e-05
4.900939999999999 0.0016117130041959735 5.020974059418772e-05
4.9260649999999995 0.0015991485455047994 5.206307958445704e-05
4.951189999999999 0.0017329806093856666 4.708896201324433e-05
4.998424999999999 0.0016377599402742687 6.94298300512864e-05
