3.74519 -0.0004191093538569896 0.004172391102985453
3.764285 0.0011705319468443675 0.001840824060050544
3.78338 0.0031453683452956475 0.0008769489684345623
3.8029775 0.0023549896865178387 0.00043593611504753725
3.8220725 0.00202459971929409 0.00022584310973476323
3.8411675 0.002099020433880346 0.0001148981201971957
3.8612675 0.001916719322427401 6.438444946908874e-05
3.8803624999999995 0.002004612726474993 4.351350456785008e-05
3.8994574999999996 0.001951975460375763 3.423528165525459e-05
3.919055 0.0019433868969523653 3.216865533323e-05
3.939155 0.001978427103087364 3.068382668996202e-05
3.9592549999999997 0.0019717651565854004 3.0677214433446285e-05
3.979355 0.0019220103941965908 3.0869518641752516e-05
3.999455 0.0019646720692547757 3.0419190824620267e-05
4.0200575 0.001948356436814555 3.14839032345963e-05
4.0401575 0.001955791962453613 3.1762960225260685e-05
4.0602575000000005 0.0019875920718409523 3.205760887129421e-05
4.0813625 0.001954304479599645 3.159349186217673e-05
4.101965 0.001989747927353013 3.1920920653987406e-05
4.12307 0.002007964221457768 3.225659636276209e-05
4.144175000000001 0.00197553606874998 3.2611578602988875e-05
4.165279999999999 0.0020475120396035392 3.2992782316741334e-05
4.186385 0.0019503442963431613 3.340328695441692e-05
4.2079925 0.0021090691419841786 3.3829550494613426e-05
4.2290975 0.0021229443605421663 3.3453781477136054e-05
4.2512075 0.002184038355006776 3.4725057356759056e-05
4.2723125 0.0022452393087323947 3.518156017711722e-05
4.2934175 0.0021742436146218024 3.481239076864051e-05
4.31603 0.002207833831241675 3.528981992883934e-05
4.338139999999999 0.0021310634014422374 3.5791569979636e-05
4.360250000000001 0.0022023739803847587 3.632423458817374e-05
4.38236 0.002220816743405854 3.611010588598937e-05
4.4049724999999995 0.0021466290308053497 3.753618839526501e-05
4.4270825 0.002075032483942443 3.8107498206115495e-05
4.4491925000000005 0.0022160955728880703 3.8636585940563804e-05
4.472307499999999 0.00213191937434348 3.8266874010005966e-05
4.4944175 0.0021454511041615627 3.958716554472597e-05
4.51703 0.002126283207431548 3.924437470220375e-05
4.540145 0.002106215953370444 3.977627435335935e-05
4.56326 0.002103138063634007 4.036231354282052e-05
4.586374999999999 0.0021108118420909484 4.09603806365223e-05
4.609992499999999 0.0021765805484204887 4.159474147171166e-05
4.6331074999999995 0.002210952828664193 4.142189727932114e-05
4.657227499999999 0.0021501414290832008 4.2222526429989244e-05
4.681347499999999 0.0021931479177225628 4.303379563241455e-05
4.705969999999999 0.00215775146580771 4.3763809906329123e-05
4.730089999999999 0.002207775984018754 4.443005459087636e-05
4.754209999999999 0.0022494609632966196 4.515031963567124e-05
4.7783299999999995 0.0021749000055131186 4.501428533997955e-05
4.8029525 0.0021634862875180585 4.676602673976007e-05
4.828077499999999 0.0021944839137630857 4.663399943601495e-05
4.852197499999999 0.0021765668288776636 4.85185372755753e-05
4.876317499999999 0.0022624715706229923 4.967146050065794e-05
4.900939999999999 0.002221351780547225 5.018927110808207e-05
4.9260649999999995 0.0021968979082996184 5.2041438608031824e-05
4.951189999999999 0.0022516479311114174 4.706940915017237e-05
4.998424999999999 0.002085784904509547 6.940115209181245e-05
