3.74519 0.004177499680070871 0.004172857295548397
3.764285 0.001702953884335724 0.0018410324010634607
3.78338 0.0020547110446092836 0.0008770551845152369
3.8029775 0.0012777269864227552 0.0004359924068570611
3.8220725 0.0017973957851648 0.00022587385712517544
3.8411675 0.00169271655330946 0.00011491456665165278
3.8612675 0.0017889380077427952 6.439433977684233e-05
3.8803624999999995 0.0018066999380507388 4.352028309111223e-05
3.8994574999999996 0.0017367863832807543 3.42405636871343e-05
3.919055 0.0017348001196324007 3.217354925349415e-05
3.939155 0.0017489345755458767 3.06884035869454e-05
3.9592549999999997 0.001821801501270559 3.068173581492409e-05
3.979355 0.0017553661334623958 3.087395650231186e-05
3.999455 0.001778122863917016 3.0423395660921913e-05
4.0200575 0.0017812858135417959 3.1488137392325396e-05
4.0401575 0.0018161287101283864 3.176713611614701e-05
4.0602575000000005 0.0018182320107311026 3.206165728077976e-05
4.0813625 0.0018136796374591635 3.159734394600906e-05
4.101965 0.0018539872801384485 3.192488805134627e-05
4.12307 0.0018576231664226396 3.226068067787427e-05
4.144175000000001 0.00187440385179791 3.2615706776839655e-05
4.165279999999999 0.0018979024137856673 3.299663403878667e-05
4.186385 0.0019024430893177186 3.340640880385668e-05
4.2079925 0.002011617968067619 3.383212259004542e-05
4.2290975 0.002069511673373369 3.345577790144653e-05
4.2512075 0.0021213040130392273 3.4726495027377596e-05
4.2723125 0.0021063825999797572 3.518234294267071e-05
4.2934175 0.002138545740828941 3.481271864900234e-05
4.31603 0.0022189705138679853 3.52898401914306e-05
4.338139999999999 0.002194879492411155 3.5791515872454383e-05
4.360250000000001 0.002082356454612815 3.632433543311586e-05
4.38236 0.002193711711208403 3.611039969538633e-05
4.4049724999999995 0.002131429054022275 3.753640631252377e-05
4.4270825 0.0020629546040162442 3.8107972443712055e-05
4.4491925000000005 0.002113756191886732 3.863741446357594e-05
4.472307499999999 0.0021367363615843586 3.826764292728296e-05
4.4944175 0.002114283023851119 3.958862445355976e-05
4.51703 0.001985247105507612 3.9246638851333464e-05
4.540145 0.0020502742313759288 3.977936888969241e-05
4.56326 0.0020542140670487493 4.036615976635394e-05
4.586374999999999 0.0019578482258773046 4.096497796083886e-05
4.609992499999999 0.0020561184239565036 4.1600274988346894e-05
4.6331074999999995 0.001957266250335762 4.1428119803022494e-05
4.657227499999999 0.0020103655992471433 4.222915231383616e-05
4.681347499999999 0.0019564023432032357 4.304063540521872e-05
4.705969999999999 0.0019523872930687412 4.377091909237804e-05
4.730089999999999 0.001967249825611967 4.4437045692186933e-05
4.754209999999999 0.0019765800455022343 4.5157089453348925e-05
4.7783299999999995 0.0020455602658724014 4.5021480717573314e-05
4.8029525 0.0020254277319434557 4.6773340902008134e-05
4.828077499999999 0.002020898453436106 4.664138374041733e-05
4.852197499999999 0.0019328445229428847 4.85264505525739e-05
4.876317499999999 0.0019682627150532997 4.9679543321309306e-05
4.900939999999999 0.0020966479435263878 5.01974823657125e-05
4.9260649999999995 0.001984220015540915 5.205020169220622e-05
4.951189999999999 0.0019902913654017444 4.7077303161580465e-05
4.998424999999999 0.0020377194988432106 6.941271466341356e-05
