3.74519 0.006189071104513792 0.0041723769193017166
3.764285 0.002790214180979889 0.0018408169066322334
3.78338 0.002770247046191344 0.0008769475282517793
3.8029775 0.0014420437377397324 0.00043593517580929023
3.8220725 0.001998524382792238 0.00022584198743099763
3.8411675 0.0019073904289496697 0.00011489726862228859
3.8612675 0.002015846528509065 6.438415125098947e-05
3.8803624999999995 0.001992945584930777 4.3513300133155425e-05
3.8994574999999996 0.001998032938092246 3.423507297487072e-05
3.919055 0.0019275251445028576 3.216842499126805e-05
3.939155 0.0020097034648114487 3.068354351736855e-05
3.9592549999999997 0.0019494108485555183 3.067687857501717e-05
3.979355 0.0019789206762509544 3.08690919157294e-05
3.999455 0.0020085091445095843 3.041864881871012e-05
4.0200575 0.0019630280421376106 3.148324783992096e-05
4.0401575 0.001987184968286597 3.176221069984476e-05
4.0602575000000005 0.001990305725832705 3.20566771516739e-05
4.0813625 0.0020067610440514284 3.159240476671571e-05
4.101965 0.001960719889682718 3.1919831381765844e-05
4.12307 0.002091578544166322 3.225547150568937e-05
4.144175000000001 0.0020820717689848645 3.2610316101568275e-05
4.165279999999999 0.002055342818078587 3.299085600660835e-05
4.186385 0.002171544048425756 3.339989766740759e-05
4.2079925 0.002315131920336457 3.382483213681433e-05
4.2290975 0.0023584240966996674 3.3447975888591223e-05
4.2512075 0.0024234036564220606 3.471793619143339e-05
4.2723125 0.002549067741395458 3.5173374768962e-05
4.2934175 0.0024790060716904307 3.4803651737802614e-05
4.31603 0.0025647791090938894 3.528057817310359e-05
4.338139999999999 0.0025243915307062385 3.578214640180416e-05
4.360250000000001 0.0024995184729535796 3.631491403775173e-05
4.38236 0.002539900170867834 3.610115422558746e-05
4.4049724999999995 0.0025361212374665695 3.752701468773449e-05
4.4270825 0.00245826181980201 3.809860702680609e-05
4.4491925000000005 0.0024704885362419773 3.8628105675732755e-05
4.472307499999999 0.0023829419391072507 3.8258760365281736e-05
4.4944175 0.0023479014913572733 3.957969232386894e-05
4.51703 0.0023719793029331085 3.923803410389289e-05
4.540145 0.0022849427319214825 3.977088741239408e-05
4.56326 0.0022334678202406725 4.035771939430093e-05
4.586374999999999 0.0021958907363075907 4.095646262512603e-05
4.609992499999999 0.0022701362441639116 4.1591486830051046e-05
4.6331074999999995 0.0022919685409221817 4.141916221316719e-05
4.657227499999999 0.0022981407593737294 4.2219883971812216e-05
4.681347499999999 0.002231246923728505 4.303118916400327e-05
4.705969999999999 0.0022063123991751207 4.3761225541062e-05
4.730089999999999 0.0023089300865952967 4.442738753617522e-05
4.754209999999999 0.002279616765171066 4.514759800983283e-05
4.7783299999999995 0.0022662393225680515 4.5011896397894714e-05
4.8029525 0.002293955633778966 4.676342664981166e-05
4.828077499999999 0.002227815050872701 4.663144022991983e-05
4.852197499999999 0.0022708619645370617 4.851600081946739e-05
4.876317499999999 0.0021868845201716085 4.9668844590302345e-05
4.900939999999999 0.0022820849683086687 5.0186694287861717e-05
4.9260649999999995 0.0023272932623164 5.203891370797656e-05
4.951189999999999 0.0023299145828565926 4.7067140984895594e-05
4.998424999999999 0.0023267571612356004 6.939783236454103e-05
