3.74519 -0.001495679624647267 0.004172437690818394
3.764285 0.001296626409552813 0.0018408456208117948
3.78338 0.0008585895832127254 0.0008769603169534517
3.8029775 0.003094405259169167 0.0004359421579930371
3.8220725 0.0017651919573185417 0.00022584641134862826
3.8411675 0.0017937295227485272 0.00011489993649971641
3.8612675 0.001869216877716526 6.438558121466947e-05
3.8803624999999995 0.0019198171967572686 4.351427096976093e-05
3.8994574999999996 0.0018943579617275066 3.423587750526171e-05
3.919055 0.0019034922129917478 3.216922285527287e-05
3.939155 0.0019646954608008834 3.0684344107008804e-05
3.9592549999999997 0.001973636523318497 3.067771365856684e-05
3.979355 0.0019315926875075162 3.0869998767597834e-05
3.999455 0.0019553508512149646 3.0419632224832157e-05
4.0200575 0.001960758821015125 3.148432151253512e-05
4.0401575 0.0019266901377460808 3.176333653135486e-05
4.0602575000000005 0.0019284516243721467 3.20579285681446e-05
4.0813625 0.0019180182444154088 3.159374843769452e-05
4.101965 0.0020298929698802223 3.1921146402402396e-05
4.12307 0.002010419208961222 3.2256775044130705e-05
4.144175000000001 0.0020154678947810734 3.261172274756011e-05
4.165279999999999 0.002036094296996617 3.299294482293178e-05
4.186385 0.0020423295128719618 3.340354906318578e-05
4.2079925 0.0020941145694468675 3.382993762263594e-05
4.2290975 0.002083620891583885 3.345427482905321e-05
4.2512075 0.002142773225526584 3.472567813187717e-05
4.2723125 0.002125301812003272 3.5182283426227105e-05
4.2934175 0.002182000388132225 3.481313766363348e-05
4.31603 0.0021021212872055013 3.529056942740746e-05
4.338139999999999 0.002177958664760553 3.579229088897026e-05
4.360250000000001 0.0022108158234427164 3.6324907452343445e-05
4.38236 0.002149520701501913 3.6110723264695915e-05
4.4049724999999995 0.0021288327143691096 3.753680317034738e-05
4.4270825 0.0021323298697164973 3.8108048314834035e-05
4.4491925000000005 0.0020748420004666934 3.8637050937603124e-05
4.472307499999999 0.002099173661514933 3.8267285560636916e-05
4.4944175 0.0021512180596435842 3.958749696065407e-05
4.51703 0.0021156444472988424 3.924465468158964e-05
4.540145 0.002142309540000077 3.977656862008209e-05
4.56326 0.0021497104359753387 4.036267542022166e-05
4.586374999999999 0.0021052974266473476 4.0960821786052016e-05
4.609992499999999 0.002073476796074498 4.159518094069725e-05
4.6331074999999995 0.002150155389720064 4.1422298427662435e-05
4.657227499999999 0.002264274617352924 4.222292354871959e-05
4.681347499999999 0.00213078821077827 4.303418859645943e-05
4.705969999999999 0.0021976924921784553 4.376417021884553e-05
4.730089999999999 0.002085733628631712 4.443039853151332e-05
4.754209999999999 0.00206977008371231 4.515063710776318e-05
4.7783299999999995 0.0022369693478101176 4.5014483636446314e-05
4.8029525 0.0022229212186318176 4.6766279128836336e-05
4.828077499999999 0.00219107147653537 4.663429320270401e-05
4.852197499999999 0.0022131255498583284 4.8518857829650716e-05
4.876317499999999 0.002150185647627034 4.967179960580828e-05
4.900939999999999 0.0022417154698536708 5.018958873436043e-05
4.9260649999999995 0.002242273426755377 5.204172922803981e-05
4.951189999999999 0.002236424186006235 4.7069646259504366e-05
4.998424999999999 0.0023024715824315942 6.940147046756774e-05
