3.74519 -0.00047863310976712417 0.004172418447519298
3.764285 0.002703743204859986 0.0018408367293216762
3.78338 0.0008064710915466101 0.0008769556336493675
3.8029775 0.0023324942244770364 0.0004359396744574574
3.8220725 0.0022230862381612784 0.0002258450629586019
3.8411675 0.001968983839816513 0.00011489919718521897
3.8612675 0.001852646503017881 6.43851207253148e-05
3.8803624999999995 0.0019040358494292295 4.351396021146781e-05
3.8994574999999996 0.0018925311029837813 3.423563680278711e-05
3.919055 0.001957423290908673 3.216899414765819e-05
3.939155 0.0019521704458032093 3.0684137194786476e-05
3.9592549999999997 0.0019277461299862253 3.067751510320196e-05
3.979355 0.0019408346636204978 3.086980910992704e-05
3.999455 0.001975466481113289 3.041945959977521e-05
4.0200575 0.0019379979894962745 3.1484159507027384e-05
4.0401575 0.0019944466265732976 3.1763192297305054e-05
4.0602575000000005 0.0019313256297649889 3.2057807384453824e-05
4.0813625 0.0019480185055402368 3.1593652274840085e-05
4.101965 0.00191272914804167 3.1921062296327664e-05
4.12307 0.0020090826053414264 3.2256709269434374e-05
4.144175000000001 0.0019857742328557087 3.2611670140943134e-05
4.165279999999999 0.0020485436580777996 3.299288459897819e-05
4.186385 0.0020485916355750568 3.340344948613094e-05
4.2079925 0.002093610889301962 3.3829788518095264e-05
4.2290975 0.002099331977943703 3.3454083534819085e-05
4.2512075 0.0021771838555515463 3.4725436553443206e-05
4.2723125 0.0021441404930409944 3.5182001776311584e-05
4.2934175 0.002124863935879982 3.4812848384977645e-05
4.31603 0.0021878488378919616 3.5290281677699045e-05
4.338139999999999 0.0021542192564055086 3.579201566120048e-05
4.360250000000001 0.0021907007631193558 3.632465067850781e-05
4.38236 0.002114657768017938 3.611048763033644e-05
4.4049724999999995 0.0022450564357746716 3.7536569874523806e-05
4.4270825 0.0021814592237783727 3.8107841867381017e-05
4.4491925000000005 0.00215917974918871 3.863687919380182e-05
4.472307499999999 0.002033449222264649 3.8267135223672013e-05
4.4944175 0.0021395323258020914 3.958737599453433e-05
4.51703 0.0021629749354761594 3.924455125008815e-05
4.540145 0.002119916557458673 3.977645783856532e-05
4.56326 0.002149425271013279 4.0362537380757756e-05
4.586374999999999 0.002147852694031161 4.096065218891382e-05
4.609992499999999 0.002157998480775708 4.1595011774390007e-05
4.6331074999999995 0.0022029745482902655 4.142214392863216e-05
4.657227499999999 0.002144850198579197 4.2222770179949124e-05
4.681347499999999 0.0021518640479563007 4.303403692907853e-05
4.705969999999999 0.0021807863330221946 4.376403104818934e-05
4.730089999999999 0.002225635494034191 4.443026592927299e-05
4.754209999999999 0.0021950700211472423 4.5150515036069084e-05
4.7783299999999995 0.0021167119839401506 4.5014406883383316e-05
4.8029525 0.002249637965935929 4.676618172078912e-05
4.828077499999999 0.0022289664093357977 4.663418009453019e-05
4.852197499999999 0.002233184864040418 4.851873455508353e-05
4.876317499999999 0.0021947302236321564 4.967166929322218e-05
4.900939999999999 0.002142024420286607 5.018946639732106e-05
4.9260649999999995 0.0021779296576221263 5.204161687443655e-05
4.951189999999999 0.0022190464821758658 4.7069554471363964e-05
4.998424999999999 0.002292999906265619 6.940134715548982e-05
