3.74519 0.008747613393080842 0.004173083347060979
3.764285 -0.0005568730311788588 0.0018411338551128338
3.78338 0.00032759646294929027 0.0008771048735455651
3.8029775 0.0013512597591451086 0.00043601877372482963
3.8220725 0.0014895746126270405 0.0002258887127206935
3.8411675 0.001597040213300857 0.00011492270237984448
3.8612675 0.0016826326970994156 6.439903090292013e-05
3.8803624999999995 0.0016483653067445505 4.352349617799483e-05
3.8994574999999996 0.0016518331273890495 3.424310349616908e-05
3.919055 0.0016648856070751717 3.2175920347720475e-05
3.939155 0.001700189597566102 3.0690673269817216e-05
3.9592549999999997 0.0016202739762608942 3.068401256635578e-05
3.979355 0.0016006456272382116 3.087625921109086e-05
3.999455 0.0016545947305542808 3.04256828493033e-05
4.0200575 0.001620996852173702 3.149052738606347e-05
4.0401575 0.0016817719142574235 3.176957749220112e-05
4.0602575000000005 0.0017214164295231752 3.206418628716521e-05
4.0813625 0.0017350948225684133 3.159990928693549e-05
4.101965 0.0017457012479481335 3.192751503749539e-05
4.12307 0.0017103064561359677 3.226340359048935e-05
4.144175000000001 0.0017853333788744332 3.261853888984208e-05
4.165279999999999 0.001808248210769931 3.299965426858232e-05
4.186385 0.001832292569065503 3.340975349958329e-05
4.2079925 0.0018940481823184183 3.3835816868774144e-05
4.2290975 0.0018733812045781386 3.3459712535900006e-05
4.2512075 0.0019307563243779373 3.4730814326088665e-05
4.2723125 0.0019377941718330492 3.5186883041335296e-05
4.2934175 0.0020550552786042617 3.481732194476162e-05
4.31603 0.002016005643558146 3.5294559233840976e-05
4.338139999999999 0.002077191806108462 3.5796304128756915e-05
4.360250000000001 0.0019552892394970236 3.632916150274831e-05
4.38236 0.0019907346896373412 3.611514948939069e-05
4.4049724999999995 0.002010332276548995 3.754125420437862e-05
4.4270825 0.0019320055184268306 3.811281884824839e-05
4.4491925000000005 0.0019396194203064633 3.864223811045332e-05
4.472307499999999 0.0018877629468572888 3.827226167824646e-05
4.4944175 0.0019407710085308505 3.959328324295061e-05
4.51703 0.001969067232425935 3.925112732648271e-05
4.540145 0.0018823070726351832 3.978377303790802e-05
4.56326 0.0018926834928025271 4.03704909746039e-05
4.586374999999999 0.0018753941301690115 4.096925202813835e-05
4.609992499999999 0.0018008016721919819 4.16045965138654e-05
4.6331074999999995 0.0018056323450718365 4.143246405764992e-05
4.657227499999999 0.001945243022268404 4.2233620670558305e-05
4.681347499999999 0.0018763665248582573 4.304517331536896e-05
4.705969999999999 0.001834811348829037 4.377559330397761e-05
4.730089999999999 0.0017882572022623385 4.444173167811595e-05
4.754209999999999 0.0018767242683695902 4.5161737555901136e-05
4.7783299999999995 0.0017769308679664042 4.502624053954139e-05
4.8029525 0.0018463421869456098 4.67782297414212e-05
4.828077499999999 0.0017694038776499864 4.664623150225196e-05
4.852197499999999 0.001878908313928506 4.853150896572698e-05
4.876317499999999 0.0018260343472376102 4.968472411663721e-05
4.900939999999999 0.0018967199460907052 5.0202726768443297e-05
4.9260649999999995 0.0018234366284203007 5.2055711886811295e-05
4.951189999999999 0.0018230063453246246 4.7082290156503934e-05
4.998424999999999 0.00188403893126205 6.942003620270546e-05
