3.74519 0.007648692897208867 0.004172452364928084
3.764285 0.002131803997781982 0.001840852379715797
3.78338 0.0033360206873386286 0.0008769638781897848
3.8029775 0.001779157824355206 0.00043594403408338966
3.8220725 0.002008399465067687 0.00022584742019353965
3.8411675 0.0019556103146990862 0.00011490048699710366
3.8612675 0.0019136726631166202 6.438592359221202e-05
3.8803624999999995 0.0019205766531222295 4.351450086636639e-05
3.8994574999999996 0.0019742862376108264 3.4236054634481606e-05
3.919055 0.0019144282901528437 3.21693905638227e-05
3.939155 0.0019172543351995662 3.0684494262941576e-05
3.9592549999999997 0.0019235582673573475 3.067785669388109e-05
3.979355 0.0019138033316480098 3.08701341581832e-05
3.999455 0.0019431544576551008 3.0419753869835475e-05
4.0200575 0.0019713876141489125 3.148443438241231e-05
4.0401575 0.001959357002126065 3.176343586905619e-05
4.0602575000000005 0.001940140202604317 3.205801103917551e-05
4.0813625 0.0019686983764897587 3.1593813110248986e-05
4.101965 0.0019910569231362794 3.192120266259706e-05
4.12307 0.002058439195340015 3.225681847026487e-05
4.144175000000001 0.0020057491052409638 3.2611757176435236e-05
4.165279999999999 0.002014378850848211 3.299298515189542e-05
4.186385 0.0020907893049176792 3.34036179310917e-05
4.2079925 0.002083382633542995 3.3830042411507574e-05
4.2290975 0.002119893812036723 3.3454410406092454e-05
4.2512075 0.002104278307717194 3.472585001566315e-05
4.2723125 0.002171104804245768 3.5182483669110645e-05
4.2934175 0.0021551127461204704 3.48133415882261e-05
4.31603 0.002091022016009213 3.529077004451239e-05
4.338139999999999 0.0020722869316103436 3.579248170314961e-05
4.360250000000001 0.002144320602996846 3.632508572595446e-05
4.38236 0.0021471817065377057 3.611088680865098e-05
4.4049724999999995 0.002071467544898341 3.753696362631152e-05
4.4270825 0.002132709818572045 3.810818816810146e-05
4.4491925000000005 0.002159621878422712 3.863716502188881e-05
4.472307499999999 0.002106100496728116 3.8267384489690965e-05
4.4944175 0.0021273352869706254 3.958757693767991e-05
4.51703 0.002091455244344643 3.924472433610901e-05
4.540145 0.0021274922945890597 3.977664490667952e-05
4.56326 0.0021167840704233256 4.036277179448912e-05
4.586374999999999 0.00203823186700123 4.0960941072549824e-05
4.609992499999999 0.002190279159762229 4.159530001780099e-05
4.6331074999999995 0.0021337875795624643 4.1422407234079836e-05
4.657227499999999 0.0022190867456143557 4.22230319380095e-05
4.681347499999999 0.0022177938392514457 4.303429575741422e-05
4.705969999999999 0.00219911638121242 4.376426866660336e-05
4.730089999999999 0.0022422490797290233 4.4430492166392554e-05
4.754209999999999 0.002096336420831594 4.515072308063124e-05
4.7783299999999995 0.0022297329712752025 4.501453815099355e-05
4.8029525 0.002106881235708954 4.676634801740298e-05
4.828077499999999 0.00220967315009823 4.663437294242095e-05
4.852197499999999 0.0021455410945321754 4.8518944600205935e-05
4.876317499999999 0.0021281051862674497 4.9671891222647885e-05
4.900939999999999 0.002267201180051674 5.018967501000619e-05
4.9260649999999995 0.0022432262305078763 5.204180887902015e-05
4.951189999999999 0.0021814642946523413 4.706971144182074e-05
4.998424999999999 0.0022028009589472653 6.940155806583712e-05
