3.74519 0.011327780997717562 0.004173256447608328
3.764285 0.0038444404398434383 0.0018412116047923264
3.78338 0.001723965630538254 0.0008771428413651448
3.8029775 0.0022413009395499165 0.0004360389150644254
3.8220725 0.0016894800825444682 0.00022590008442080505
3.8411675 0.001422877956631211 0.00011492894393372885
3.8612675 0.0015562063946319713 6.440261863133343e-05
3.8803624999999995 0.0014941188922324659 4.352595408132586e-05
3.8994574999999996 0.0015839517636890114 3.42450488316533e-05
3.919055 0.0015633329750223733 3.217773724162775e-05
3.939155 0.0015538740332334147 3.0692415312932994e-05
3.9592549999999997 0.0015401683488062863 3.068576050057165e-05
3.979355 0.001636622108864386 3.0878029260281e-05
3.999455 0.0015941529732153323 3.042744541241743e-05
4.0200575 0.0015565516186559958 3.14923722389863e-05
4.0401575 0.0015616572670756376 3.1771463860405406e-05
4.0602575000000005 0.0016354512695796034 3.206614310408125e-05
4.0813625 0.0015840932129938053 3.1601896005091056e-05
4.101965 0.001621713990695078 3.192954681951917e-05
4.12307 0.0016632208175324677 3.2265506336798956e-05
4.144175000000001 0.001705280869718355 3.2620722421199e-05
4.165279999999999 0.0017244102200650786 3.300197274917766e-05
4.186385 0.0016482113776965027 3.341230106547775e-05
4.2079925 0.0017714950228639448 3.383861461181822e-05
4.2290975 0.0017995694881094378 3.346268180498403e-05
4.2512075 0.0018197800749159253 3.4734067885920474e-05
4.2723125 0.0018508350205389892 3.519030055580379e-05
4.2934175 0.0018543150330557932 3.482078594303018e-05
4.31603 0.0018763008339663788 3.529811122548389e-05
4.338139999999999 0.0018592787048189155 3.579991014020758e-05
4.360250000000001 0.001867509395962305 3.6332798383083796e-05
4.38236 0.001819093058282879 3.611873182741849e-05
4.4049724999999995 0.0018974143557792262 3.75449158864934e-05
4.4270825 0.0018331567003268586 3.8116483268642564e-05
4.4491925000000005 0.0018391139353353013 3.864588893448502e-05
4.472307499999999 0.0018192956493480654 3.827576388211299e-05
4.4944175 0.001689276003341572 3.959682128463944e-05
4.51703 0.001791691238678925 3.9254540354828205e-05
4.540145 0.0017500549940465892 3.978712498712644e-05
4.56326 0.0017444276434739553 4.037378778843848e-05
4.586374999999999 0.0017133731580638819 4.097250081903552e-05
4.609992499999999 0.0017731199800262905 4.1607871745961845e-05
4.6331074999999995 0.0017849005455594482 4.143574686969775e-05
4.657227499999999 0.0017452201878039699 4.223699147454496e-05
4.681347499999999 0.0016910390546355017 4.3048593244563586e-05
4.705969999999999 0.0017937290782636672 4.377911490761427e-05
4.730089999999999 0.0017210417189241246 4.444526753824387e-05
4.754209999999999 0.001733633316896512 4.5165253745190846e-05
4.7783299999999995 0.001710017657586869 4.502984278059751e-05
4.8029525 0.0017656851815844095 4.678192770459714e-05
4.828077499999999 0.0017388671951947552 4.664989273361512e-05
4.852197499999999 0.001730983389922618 4.8535324447790386e-05
4.876317499999999 0.0017188554170383468 4.9688632894677275e-05
4.900939999999999 0.0016921683720446813 5.0206684624826536e-05
4.9260649999999995 0.00170965321536388 5.205986999053541e-05
4.951189999999999 0.0017754421316622927 4.70860553051771e-05
4.998424999999999 0.0017562059352465628 6.942556361993629e-05
