3.74519 0.006657961310362755 0.004172298992065838
3.764285 0.0043715793010821015 0.0018407813587584206
3.78338 0.0035548597351062546 0.0008769266271850602
3.8029775 0.0016621725815813369 0.00043592409756620275
3.8220725 0.0015784247228306195 0.00022583642464665856
3.8411675 0.0019461776600497396 0.00011489440473003498
3.8612675 0.001904311957741323 6.43821429287252e-05
3.8803624999999995 0.00197170457234136 4.3511925453648174e-05
3.8994574999999996 0.0019953567237450984 3.423403907636593e-05
3.919055 0.0020312969387116975 3.2167464067042124e-05
3.939155 0.001956273087428313 3.068271038884644e-05
3.9592549999999997 0.0020178850129818457 3.06761171633196e-05
3.979355 0.001972468770912075 3.086843797162802e-05
3.999455 0.001977003708543906 3.0418160663928104e-05
4.0200575 0.001975655704944871 3.148288701491767e-05
4.0401575 0.0020036883938935024 3.176200115057854e-05
4.0602575000000005 0.002051201371736146 3.205674899208116e-05
4.0813625 0.0020507142916344166 3.159276080080451e-05
4.101965 0.0020301330879812403 3.192025364041563e-05
4.12307 0.0020107395152660383 3.225603547673751e-05
4.144175000000001 0.00206367293304272 3.261110364508621e-05
4.165279999999999 0.002083667588459865 3.299226649930677e-05
4.186385 0.002115823297294522 3.340252807106056e-05
4.2079925 0.0021758333727963826 3.382849703558163e-05
4.2290975 0.0022290812109013692 3.345247577100389e-05
4.2512075 0.0022254428968632735 3.472344161134816e-05
4.2723125 0.002180164466293416 3.517969247091983e-05
4.2934175 0.002333503514444323 3.481042863236493e-05
4.31603 0.0022303945707709966 3.528778980928728e-05
4.338139999999999 0.0022267396598898213 3.578956318624727e-05
4.360250000000001 0.002340801935690302 3.632233057567765e-05
4.38236 0.0023177539017740535 3.610835129945722e-05
4.4049724999999995 0.0022095445024763226 3.753441384912427e-05
4.4270825 0.0022197024734475867 3.8105847350067915e-05
4.4491925000000005 0.002215837149768067 3.863509826864115e-05
4.472307499999999 0.002171519193880779 3.826547706207519e-05
4.4944175 0.0021522015450685713 3.958599526811257e-05
4.51703 0.002213416469641423 3.924340494030411e-05
4.540145 0.002195598062375214 3.977533210667015e-05
4.56326 0.002173399522924692 4.036124112257014e-05
4.586374999999999 0.0021406357746378076 4.0959140759584346e-05
4.609992499999999 0.0022451751659845836 4.1593521791695693e-05
4.6331074999999995 0.0022546528113932735 4.142078864275629e-05
4.657227499999999 0.0021743934984712263 4.222144214878564e-05
4.681347499999999 0.002265220327431691 4.3032716790111245e-05
4.705969999999999 0.0022237233665671676 4.376282058200302e-05
4.730089999999999 0.0022313726492666826 4.442909774248938e-05
4.754209999999999 0.0021493364012985655 4.514942199296445e-05
4.7783299999999995 0.0022017144126899356 4.501373862674165e-05
4.8029525 0.0022340578531161322 4.676532207171725e-05
4.828077499999999 0.002260269965714982 4.663317050737253e-05
4.852197499999999 0.0021699403862424846 4.851762952074731e-05
4.876317499999999 0.0023178800412619323 4.967050196629452e-05
4.900939999999999 0.002128909001285087 5.0188380056229165e-05
4.9260649999999995 0.0022618732451919906 5.204063335654207e-05
4.951189999999999 0.002258694060459295 4.706875656226508e-05
4.998424999999999 0.0021772140875646316 6.940028149561715e-05
