
      0.100000     1.3880958E-003     0.0000000E+000
      0.100667     1.3874602E-003     0.0000000E+000
      0.101338     1.3898510E-003     0.0000000E+000
      0.102013     1.3983026E-003     0.0000000E+000
      0.102693     1.4180854E-003     0.0000000E+000
      0.103378     1.4563113E-003     0.0000000E+000
      0.104067     1.5210723E-003     0.0000000E+000
      0.104761     1.6175035E-003     0.0000000E+000
      0.105459     1.7415270E-003     0.0000000E+000
      0.106163     1.8780106E-003     0.0000000E+000
      0.106870     2.0054108E-003     0.0000000E+000
      0.107583     2.1079974E-003     0.0000000E+000
      0.108300     2.1824704E-003     0.0000000E+000
      0.109022     2.2340474E-003     0.0000000E+000
      0.109749     2.2698779E-003     0.0000000E+000
      0.110480     2.2950421E-003     0.0000000E+000
      0.111217     2.3122767E-003     0.0000000E+000
      0.111958     2.3228486E-003     0.0000000E+000
      0.112705     2.3273257E-003     0.0000000E+000
      0.113456     2.3259582E-003     0.0000000E+000
      0.114213     2.3188186E-003     0.0000000E+000
      0.114974     2.3057711E-003     0.0000000E+000
      0.115740     2.2862733E-003     0.0000000E+000
      0.116512     2.2589678E-003     0.0000000E+000
      0.117289     2.2211343E-003     0.0000000E+000
      0.118071     2.1684773E-003     0.0000000E+000
      0.118858     2.0962973E-003     0.0000000E+000
      0.119650     2.0030883E-003     0.0000000E+000
      0.120448     1.8949438E-003     0.0000000E+000
      0.121251     1.7866686E-003     0.0000000E+000
      0.122059     1.6964916E-003     0.0000000E+000
      0.122873     1.6387721E-003     0.0000000E+000
      0.123692     1.6193097E-003     0.0000000E+000
      0.124517     1.6351953E-003     0.0000000E+000
      0.125347     1.6776212E-003     0.0000000E+000
      0.126182     1.7353766E-003     0.0000000E+000
      0.127024     1.7978628E-003     0.0000000E+000
      0.127871     1.8568023E-003     0.0000000E+000
      0.128723     1.9069440E-003     0.0000000E+000
      0.129581     1.9458313E-003     0.0000000E+000
      0.130445     1.9728747E-003     0.0000000E+000
      0.131315     1.9884861E-003     0.0000000E+000
      0.132190     1.9934881E-003     0.0000000E+000
      0.133071     1.9888458E-003     0.0000000E+000
      0.133959     1.9756569E-003     0.0000000E+000
      0.134852     1.9552898E-003     0.0000000E+000
      0.135751     1.9295468E-003     0.0000000E+000
      0.136656     1.9007138E-003     0.0000000E+000
      0.137567     1.8713885E-003     0.0000000E+000
      0.138484     1.8440866E-003     0.0000000E+000
      0.139407     1.8207685E-003     0.0000000E+000
      0.140336     1.8024983E-003     0.0000000E+000
      0.141272     1.7893807E-003     0.0000000E+000
      0.142214     1.7808034E-003     0.0000000E+000
      0.143162     1.7756478E-003     0.0000000E+000
      0.144116     1.7727113E-003     0.0000000E+000
      0.145077     1.7709020E-003     0.0000000E+000
      0.146044     1.7693415E-003     0.0000000E+000
      0.147018     1.7673857E-003     0.0000000E+000
      0.147998     1.7645981E-003     0.0000000E+000
      0.148985     1.7607048E-003     0.0000000E+000
      0.149978     1.7555491E-003     0.0000000E+000
      0.150978     1.7490549E-003     0.0000000E+000
      0.151984     1.7411989E-003     0.0000000E+000
      0.152997     1.7319931E-003     0.0000000E+000
      0.154017     1.7214726E-003     0.0000000E+000
      0.155044     1.7097139E-003     0.0000000E+000
      0.156078     1.6969267E-003     0.0000000E+000
      0.157118     1.6830280E-003     0.0000000E+000
      0.158166     1.6681041E-003     0.0000000E+000
      0.159220     1.6522508E-003     0.0000000E+000
      0.160282     1.6355718E-003     0.0000000E+000
      0.161350     1.6181787E-003     0.0000000E+000
      0.162426     1.6001899E-003     0.0000000E+000
      0.163509     1.5817285E-003     0.0000000E+000
      0.164599     1.5629215E-003     0.0000000E+000
      0.165696     1.5438976E-003     0.0000000E+000
      0.166801     1.5247853E-003     0.0000000E+000
      0.167913     1.5057105E-003     0.0000000E+000
      0.169032     1.4867951E-003     0.0000000E+000
      0.170159     1.4681543E-003     0.0000000E+000
      0.171293     1.4501054E-003     0.0000000E+000
      0.172435     1.4325662E-003     0.0000000E+000
      0.173585     1.4155951E-003     0.0000000E+000
      0.174742     1.3992662E-003     0.0000000E+000
      0.175907     1.3836407E-003     0.0000000E+000
      0.177080     1.3687673E-003     0.0000000E+000
      0.178260     1.3546822E-003     0.0000000E+000
      0.179449     1.3414096E-003     0.0000000E+000
      0.180645     1.3289621E-003     0.0000000E+000
      0.181849     1.3173420E-003     0.0000000E+000
      0.183062     1.3065422E-003     0.0000000E+000
      0.184282     1.2965550E-003     0.0000000E+000
      0.185511     1.2873528E-003     0.0000000E+000
      0.186747     1.2789034E-003     0.0000000E+000
      0.187992     1.2712022E-003     0.0000000E+000
      0.189246     1.2643120E-003     0.0000000E+000
      0.190507     1.2580641E-003     0.0000000E+000
      0.191777     1.2524177E-003     0.0000000E+000
      0.193056     1.2473317E-003     0.0000000E+000
      0.194343     1.2427650E-003     0.0000000E+000
      0.195639     1.2386769E-003     0.0000000E+000
      0.196943     1.2350279E-003     0.0000000E+000
      0.198256     1.2317802E-003     0.0000000E+000
      0.199577     1.2288977E-003     0.0000000E+000
      0.200908     1.2263521E-003     0.0000000E+000
      0.202247     1.2241045E-003     0.0000000E+000
      0.203596     1.2221251E-003     0.0000000E+000
      0.204953     1.2203862E-003     0.0000000E+000
      0.206319     1.2188626E-003     0.0000000E+000
      0.207695     1.2175333E-003     0.0000000E+000
      0.209079     1.2164468E-003     0.0000000E+000
      0.210473     1.2155103E-003     0.0000000E+000
      0.211876     1.2147064E-003     0.0000000E+000
      0.213289     1.2140195E-003     0.0000000E+000
      0.214711     1.2134376E-003     0.0000000E+000
      0.216142     1.2129474E-003     0.0000000E+000
      0.217583     1.2125364E-003     0.0000000E+000
      0.219034     1.2121948E-003     0.0000000E+000
      0.220494     1.2119140E-003     0.0000000E+000
      0.221964     1.2116863E-003     0.0000000E+000
      0.223444     1.2115049E-003     0.0000000E+000
      0.224933     1.2113641E-003     0.0000000E+000
      0.226433     1.2112585E-003     0.0000000E+000
      0.227943     1.2111840E-003     0.0000000E+000
      0.229462     1.2111374E-003     0.0000000E+000
      0.230992     1.2111286E-003     0.0000000E+000
      0.232532     1.2111560E-003     0.0000000E+000
      0.234082     1.2112001E-003     0.0000000E+000
      0.235643     1.2112588E-003     0.0000000E+000
      0.237214     1.2113300E-003     0.0000000E+000
      0.238795     1.2114121E-003     0.0000000E+000
      0.240387     1.2115037E-003     0.0000000E+000
      0.241990     1.2116038E-003     0.0000000E+000
      0.243603     1.2117115E-003     0.0000000E+000
      0.245227     1.2118252E-003     0.0000000E+000
      0.246862     1.2119443E-003     0.0000000E+000
      0.248507     1.2120681E-003     0.0000000E+000
      0.250164     1.2121960E-003     0.0000000E+000
      0.251832     1.2123275E-003     0.0000000E+000
      0.253511     1.2124622E-003     0.0000000E+000
      0.255201     1.2125997E-003     0.0000000E+000
      0.256902     1.2127466E-003     0.0000000E+000
      0.258615     1.2129015E-003     0.0000000E+000
      0.260339     1.2130579E-003     0.0000000E+000
      0.262075     1.2132158E-003     0.0000000E+000
      0.263822     1.2133750E-003     0.0000000E+000
      0.265580     1.2135354E-003     0.0000000E+000
      0.267351     1.2136968E-003     0.0000000E+000
      0.269133     1.2138592E-003     0.0000000E+000
      0.270928     1.2140226E-003     0.0000000E+000
      0.272734     1.2141867E-003     0.0000000E+000
      0.274552     1.2143515E-003     0.0000000E+000
      0.276382     1.2145170E-003     0.0000000E+000
      0.278225     1.2146831E-003     0.0000000E+000
      0.280080     1.2148497E-003     0.0000000E+000
      0.281947     1.2150169E-003     0.0000000E+000
      0.283827     1.2151846E-003     0.0000000E+000
      0.285719     1.2153541E-003     0.0000000E+000
      0.287624     1.2155275E-003     0.0000000E+000
      0.289541     1.2157013E-003     0.0000000E+000
      0.291471     1.2158753E-003     0.0000000E+000
      0.293414     1.2160496E-003     0.0000000E+000
      0.295371     1.2162241E-003     0.0000000E+000
      0.297340     1.2163989E-003     0.0000000E+000
      0.299322     1.2165740E-003     0.0000000E+000
      0.301317     1.2182895E-003     0.0000000E+000
      0.303326     1.2188323E-003     0.0000000E+000
      0.305348     1.2191631E-003     0.0000000E+000
      0.307384     1.2205394E-003     0.0000000E+000
      0.309433     1.2208483E-003     0.0000000E+000
      0.311496     1.2209977E-003     0.0000000E+000
      0.313573     1.2242080E-003     0.0000000E+000
      0.315663     1.2241608E-003     0.0000000E+000
      0.317768     1.2226579E-003     0.0000000E+000
      0.319886     1.2213570E-003     0.0000000E+000
      0.322019     1.2216260E-003     0.0000000E+000
      0.324166     1.2210581E-003     0.0000000E+000
      0.326327     1.2229659E-003     0.0000000E+000
      0.328502     1.2230565E-003     0.0000000E+000
      0.330692     1.2265333E-003     0.0000000E+000
      0.332897     1.2279774E-003     0.0000000E+000
      0.335116     1.2363695E-003     0.0000000E+000
      0.337350     1.2376669E-003     0.0000000E+000
      0.339599     1.2316586E-003     0.0000000E+000
      0.341863     1.2291524E-003     0.0000000E+000
      0.344142     1.2270824E-003     0.0000000E+000
      0.346437     1.2262619E-003     0.0000000E+000
      0.348746     1.2279873E-003     0.0000000E+000
      0.351071     1.2255451E-003     0.0000000E+000
      0.353412     1.2279284E-003     0.0000000E+000
      0.355768     1.2302259E-003     0.0000000E+000
      0.358139     1.2350122E-003     0.0000000E+000
      0.360527     1.2443958E-003     0.0000000E+000
      0.362931     1.2741962E-003     0.0000000E+000
      0.365350     1.2706544E-003     0.0000000E+000
      0.367786     1.2561275E-003     0.0000000E+000
      0.370238     1.2424215E-003     0.0000000E+000
      0.372706     1.2382956E-003     0.0000000E+000
      0.375191     1.2374430E-003     0.0000000E+000
      0.377692     1.2452662E-003     0.0000000E+000
      0.380210     1.2427597E-003     0.0000000E+000
      0.382745     1.2429086E-003     0.0000000E+000
      0.385296     1.2377527E-003     0.0000000E+000
      0.387865     1.2346859E-003     0.0000000E+000
      0.390451     1.2374309E-003     0.0000000E+000
      0.393054     1.2529785E-003     0.0000000E+000
      0.395674     1.2965770E-003     0.0000000E+000
      0.398312     1.3453571E-003     0.0000000E+000
      0.400967     1.3402242E-003     0.0000000E+000
      0.403640     1.3118808E-003     0.0000000E+000
      0.406331     1.2799884E-003     0.0000000E+000
      0.409040     1.2556740E-003     0.0000000E+000
      0.411767     1.2471726E-003     0.0000000E+000
      0.414512     1.2633616E-003     0.0000000E+000
      0.417276     1.3008590E-003     0.0000000E+000
      0.420057     1.2962866E-003     0.0000000E+000
      0.422858     1.2868927E-003     0.0000000E+000
      0.425677     1.2838725E-003     0.0000000E+000
      0.428515     1.2678357E-003     0.0000000E+000
      0.431371     1.2584273E-003     0.0000000E+000
      0.434247     1.2528799E-003     0.0000000E+000
      0.437142     1.2780170E-003     0.0000000E+000
      0.440057     1.3637074E-003     0.0000000E+000
      0.442990     1.4402845E-003     0.0000000E+000
      0.445944     1.4375848E-003     0.0000000E+000
      0.448916     1.4205652E-003     0.0000000E+000
      0.451909     1.3825866E-003     0.0000000E+000
      0.454922     1.3399447E-003     0.0000000E+000
      0.457955     1.3024582E-003     0.0000000E+000
      0.461008     1.2812702E-003     0.0000000E+000
      0.464081     1.2933737E-003     0.0000000E+000
      0.467175     1.3519806E-003     0.0000000E+000
      0.470290     1.4005970E-003     0.0000000E+000
      0.473425     1.3963853E-003     0.0000000E+000
      0.476581     1.3829750E-003     0.0000000E+000
      0.479758     1.3548227E-003     0.0000000E+000
      0.482957     1.3384585E-003     0.0000000E+000
      0.486176     1.3847491E-003     0.0000000E+000
      0.489417     1.3606976E-003     0.0000000E+000
      0.492680     1.3675851E-003     0.0000000E+000
      0.495965     1.3660535E-003     0.0000000E+000
      0.499271     1.4414283E-003     0.0000000E+000
      0.502600     1.5410563E-003     0.0000000E+000
      0.505950     1.5407178E-003     0.0000000E+000
      0.509323     1.5409945E-003     0.0000000E+000
      0.512719     1.5239819E-003     0.0000000E+000
      0.516137     1.4825250E-003     0.0000000E+000
      0.519578     1.4315457E-003     0.0000000E+000
      0.523042     1.4012233E-003     0.0000000E+000
      0.526529     1.3883840E-003     0.0000000E+000
      0.530039     1.3957467E-003     0.0000000E+000
      0.533572     1.3954976E-003     0.0000000E+000
      0.537130     1.4380964E-003     0.0000000E+000
      0.540711     1.5199179E-003     0.0000000E+000
      0.544315     1.5164465E-003     0.0000000E+000
      0.547944     1.5165887E-003     0.0000000E+000
      0.551597     1.4997740E-003     0.0000000E+000
      0.555274     1.4660094E-003     0.0000000E+000
      0.558976     1.4327739E-003     0.0000000E+000
      0.562703     1.4170492E-003     0.0000000E+000
      0.566454     1.4655990E-003     0.0000000E+000
      0.570230     1.5391675E-003     0.0000000E+000
      0.574032     1.5294500E-003     0.0000000E+000
      0.577859     1.5324294E-003     0.0000000E+000
      0.581711     1.5566059E-003     0.0000000E+000
      0.585589     1.5849087E-003     0.0000000E+000
      0.589493     1.7050658E-003     0.0000000E+000
      0.593423     1.6627590E-003     0.0000000E+000
      0.597379     1.6627009E-003     0.0000000E+000
      0.601362     1.6503572E-003     0.0000000E+000
      0.605371     1.6128101E-003     0.0000000E+000
      0.609407     1.5679387E-003     0.0000000E+000
      0.613469     1.5197286E-003     0.0000000E+000
      0.617559     1.4893720E-003     0.0000000E+000
      0.621676     1.4810795E-003     0.0000000E+000
      0.625821     1.5394553E-003     0.0000000E+000
      0.629993     1.5191145E-003     0.0000000E+000
      0.634193     1.5389514E-003     0.0000000E+000
      0.638421     1.5612552E-003     0.0000000E+000
      0.642677     1.5913224E-003     0.0000000E+000
      0.646961     1.6753799E-003     0.0000000E+000
      0.651275     1.6433404E-003     0.0000000E+000
      0.655616     1.6440529E-003     0.0000000E+000
      0.659987     1.6299582E-003     0.0000000E+000
      0.664387     1.6095923E-003     0.0000000E+000
      0.668816     1.5759300E-003     0.0000000E+000
      0.673275     1.5401117E-003     0.0000000E+000
      0.677764     1.5254509E-003     0.0000000E+000
      0.682282     1.5336479E-003     0.0000000E+000
      0.686831     1.5342255E-003     0.0000000E+000
      0.691409     1.6792296E-003     0.0000000E+000
      0.696019     1.6832575E-003     0.0000000E+000
      0.700659     1.6919445E-003     0.0000000E+000
      0.705330     1.7042539E-003     0.0000000E+000
      0.710032     1.7220055E-003     0.0000000E+000
      0.714766     1.7895552E-003     0.0000000E+000
      0.719531     1.8458086E-003     0.0000000E+000
      0.724328     1.8149523E-003     0.0000000E+000
      0.729157     1.8088655E-003     0.0000000E+000
      0.734018     1.7953752E-003     0.0000000E+000
      0.738911     1.7831369E-003     0.0000000E+000
      0.743837     1.7544504E-003     0.0000000E+000
      0.748796     1.7256347E-003     0.0000000E+000
      0.753788     1.6972275E-003     0.0000000E+000
      0.758813     1.6706256E-003     0.0000000E+000
      0.763872     1.6484090E-003     0.0000000E+000
      0.768964     1.6380740E-003     0.0000000E+000
      0.774091     1.6317493E-003     0.0000000E+000
      0.779252     1.6498302E-003     0.0000000E+000
      0.784447     1.6814967E-003     0.0000000E+000
      0.789676     1.6842976E-003     0.0000000E+000
      0.794941     1.6913197E-003     0.0000000E+000
      0.800240     1.7280640E-003     0.0000000E+000
      0.805575     1.7482500E-003     0.0000000E+000
      0.810946     1.8406721E-003     0.0000000E+000
      0.816352     1.8365969E-003     0.0000000E+000
      0.821794     1.8308967E-003     0.0000000E+000
      0.827273     1.8112379E-003     0.0000000E+000
      0.832788     1.8160841E-003     0.0000000E+000
      0.838340     1.8039465E-003     0.0000000E+000
      0.843929     1.7822732E-003     0.0000000E+000
      0.849555     1.7593755E-003     0.0000000E+000
      0.855219     1.7300074E-003     0.0000000E+000
      0.860920     1.7029026E-003     0.0000000E+000
      0.866660     1.6827862E-003     0.0000000E+000
      0.872438     1.6789163E-003     0.0000000E+000
      0.878254     1.6699764E-003     0.0000000E+000
      0.884109     1.6753979E-003     0.0000000E+000
      0.890003     1.7813196E-003     0.0000000E+000
      0.895936     1.8471662E-003     0.0000000E+000
      0.901909     1.8359555E-003     0.0000000E+000
      0.907922     1.8216873E-003     0.0000000E+000
      0.913975     1.8784466E-003     0.0000000E+000
      0.920068     1.8829834E-003     0.0000000E+000
      0.926202     1.9797461E-003     0.0000000E+000
      0.932376     2.0642380E-003     0.0000000E+000
      0.938592     2.0508912E-003     0.0000000E+000
      0.944849     2.0193120E-003     0.0000000E+000
      0.951148     2.0202255E-003     0.0000000E+000
      0.957489     2.0367163E-003     0.0000000E+000
      0.963873     2.0170582E-003     0.0000000E+000
      0.970299     1.9881302E-003     0.0000000E+000
      0.976767     1.9803829E-003     0.0000000E+000
      0.983279     1.9640725E-003     0.0000000E+000
      0.989834     1.9328591E-003     0.0000000E+000
      0.996433     1.9066100E-003     0.0000000E+000
      1.003076     1.8758586E-003     0.0000000E+000
      1.009763     1.8351277E-003     0.0000000E+000
      1.016495     1.8004441E-003     0.0000000E+000
      1.023272     1.7715785E-003     0.0000000E+000
      1.030093     1.7513318E-003     0.0000000E+000
      1.036961     1.7299302E-003     0.0000000E+000
      1.043874     1.7321015E-003     0.0000000E+000
      1.050833     1.7379168E-003     0.0000000E+000
      1.057838     1.7419891E-003     0.0000000E+000
      1.064891     1.7536914E-003     0.0000000E+000
      1.071990     1.7661538E-003     0.0000000E+000
      1.079137     1.7834228E-003     0.0000000E+000
      1.086331     1.8205138E-003     0.0000000E+000
      1.093573     1.9351550E-003     0.0000000E+000
      1.100863     1.9922659E-003     0.0000000E+000
      1.108203     2.0206777E-003     0.0000000E+000
      1.115591     2.0664616E-003     0.0000000E+000
      1.123028     2.0647162E-003     0.0000000E+000
      1.130515     2.0737778E-003     0.0000000E+000
      1.138051     2.0707210E-003     0.0000000E+000
      1.145638     2.0605893E-003     0.0000000E+000
      1.153276     2.0598510E-003     0.0000000E+000
      1.160965     2.0552996E-003     0.0000000E+000
      1.168704     2.0530458E-003     0.0000000E+000
      1.176496     2.0411100E-003     0.0000000E+000
      1.184339     2.0104065E-003     0.0000000E+000
      1.192235     1.9737035E-003     0.0000000E+000
      1.200183     1.9402559E-003     0.0000000E+000
      1.208184     1.9188006E-003     0.0000000E+000
      1.216239     1.8941523E-003     0.0000000E+000
      1.224347     1.8791817E-003     0.0000000E+000
      1.232509     1.8552636E-003     0.0000000E+000
      1.240726     1.8383119E-003     0.0000000E+000
      1.248997     1.8157248E-003     0.0000000E+000
      1.257324     1.8081487E-003     0.0000000E+000
      1.265706     1.8158890E-003     0.0000000E+000
      1.274144     1.8324529E-003     0.0000000E+000
      1.282639     1.8581105E-003     0.0000000E+000
      1.291189     1.8859601E-003     0.0000000E+000
      1.299797     1.9006074E-003     0.0000000E+000
      1.308463     1.9109185E-003     0.0000000E+000
      1.317186     1.9434319E-003     0.0000000E+000
      1.325967     1.9888702E-003     0.0000000E+000
      1.334807     2.1641500E-003     0.0000000E+000
      1.343706     2.2323438E-003     0.0000000E+000
      1.352664     2.2899788E-003     0.0000000E+000
      1.361681     2.3101660E-003     0.0000000E+000
      1.370759     2.3075279E-003     0.0000000E+000
      1.379898     2.2904150E-003     0.0000000E+000
      1.389097     2.2790713E-003     0.0000000E+000
      1.398358     2.2951684E-003     0.0000000E+000
      1.407680     2.3179805E-003     0.0000000E+000
      1.417064     2.3302572E-003     0.0000000E+000
      1.426512     2.3301997E-003     0.0000000E+000
      1.436022     2.3235584E-003     0.0000000E+000
      1.445595     2.2946001E-003     0.0000000E+000
      1.455232     2.2356659E-003     0.0000000E+000
      1.464934     2.2436082E-003     0.0000000E+000
      1.474700     2.2147085E-003     0.0000000E+000
      1.484532     2.2048013E-003     0.0000000E+000
      1.494428     2.1788158E-003     0.0000000E+000
      1.504391     2.1586741E-003     0.0000000E+000
      1.514421     2.1214235E-003     0.0000000E+000
      1.524517     2.0923724E-003     0.0000000E+000
      1.534680     2.0616101E-003     0.0000000E+000
      1.544911     2.0234188E-003     0.0000000E+000
      1.555211     1.9915485E-003     0.0000000E+000
      1.565579     1.9525167E-003     0.0000000E+000
      1.576016     1.9282635E-003     0.0000000E+000
      1.586523     1.9004199E-003     0.0000000E+000
      1.597100     1.8832113E-003     0.0000000E+000
      1.607747     1.8838471E-003     0.0000000E+000
      1.618465     1.8910729E-003     0.0000000E+000
      1.629255     1.8971846E-003     0.0000000E+000
      1.640117     1.8916660E-003     0.0000000E+000
      1.651051     1.8959032E-003     0.0000000E+000
      1.662058     1.9136103E-003     0.0000000E+000
      1.673138     1.9245807E-003     0.0000000E+000
      1.684292     1.9070369E-003     0.0000000E+000
      1.695521     1.9289056E-003     0.0000000E+000
      1.706825     1.9364854E-003     0.0000000E+000
      1.718203     1.9812722E-003     0.0000000E+000
      1.729658     2.0155791E-003     0.0000000E+000
      1.741189     2.0395102E-003     0.0000000E+000
      1.752797     2.0654488E-003     0.0000000E+000
      1.764482     2.0992321E-003     0.0000000E+000
      1.776246     2.1408669E-003     0.0000000E+000
      1.788087     2.1752577E-003     0.0000000E+000
      1.800008     2.1996799E-003     0.0000000E+000
      1.812008     2.2199690E-003     0.0000000E+000
      1.824088     2.2357534E-003     0.0000000E+000
      1.836248     2.2461621E-003     0.0000000E+000
      1.848490     2.2732559E-003     0.0000000E+000
      1.860813     2.3164449E-003     0.0000000E+000
      1.873219     2.2832192E-003     0.0000000E+000
      1.885707     2.2311613E-003     0.0000000E+000
      1.898278     2.2132314E-003     0.0000000E+000
      1.910934     2.2009715E-003     0.0000000E+000
      1.923673     2.2080470E-003     0.0000000E+000
      1.936498     2.2527657E-003     0.0000000E+000
      1.949408     2.2547375E-003     0.0000000E+000
      1.962404     2.2437184E-003     0.0000000E+000
      1.975486     2.2344928E-003     0.0000000E+000
      1.988656     2.2204587E-003     0.0000000E+000
      2.001914     2.1967033E-003     0.0000000E+000
      2.015260     2.1703754E-003     0.0000000E+000
      2.028695     2.1359424E-003     0.0000000E+000
      2.042220     2.0944675E-003     0.0000000E+000
      2.055834     2.0709670E-003     0.0000000E+000
      2.069540     2.0437944E-003     0.0000000E+000
      2.083337     2.0172288E-003     0.0000000E+000
      2.097226     2.0026135E-003     0.0000000E+000
      2.111207     1.9864622E-003     0.0000000E+000
      2.125282     1.9784485E-003     0.0000000E+000
      2.139451     1.9682735E-003     0.0000000E+000
      2.153714     1.9723683E-003     0.0000000E+000
      2.168072     1.9705871E-003     0.0000000E+000
      2.182526     1.9790794E-003     0.0000000E+000
      2.197076     1.9974459E-003     0.0000000E+000
      2.211723     2.0011703E-003     0.0000000E+000
      2.226468     2.0091782E-003     0.0000000E+000
      2.241311     2.0195509E-003     0.0000000E+000
      2.256253     2.0171080E-003     0.0000000E+000
      2.271295     2.0300439E-003     0.0000000E+000
      2.286437     2.0358295E-003     0.0000000E+000
      2.301679     2.0300561E-003     0.0000000E+000
      2.317024     2.0461668E-003     0.0000000E+000
      2.332471     2.0455020E-003     0.0000000E+000
      2.348021     2.0717473E-003     0.0000000E+000
      2.363674     2.0758283E-003     0.0000000E+000
      2.379432     2.1008120E-003     0.0000000E+000
      2.395295     2.0816147E-003     0.0000000E+000
      2.411263     2.1249161E-003     0.0000000E+000
      2.427339     2.1466226E-003     0.0000000E+000
      2.443521     2.1853466E-003     0.0000000E+000
      2.459811     2.2148384E-003     0.0000000E+000
      2.476210     2.2612334E-003     0.0000000E+000
      2.492718     2.2829275E-003     0.0000000E+000
      2.509336     2.3517480E-003     0.0000000E+000
      2.526065     2.3564819E-003     0.0000000E+000
      2.542905     2.3898778E-003     0.0000000E+000
      2.559858     2.4178261E-003     0.0000000E+000
      2.576924     2.3904949E-003     0.0000000E+000
      2.594103     2.3883345E-003     0.0000000E+000
      2.611397     2.3623894E-003     0.0000000E+000
      2.628806     2.3644675E-003     0.0000000E+000
      2.646332     2.3600658E-003     0.0000000E+000
      2.663974     2.3866737E-003     0.0000000E+000
      2.681734     2.4289375E-003     0.0000000E+000
      2.699612     2.4601065E-003     0.0000000E+000
      2.717610     2.4540717E-003     0.0000000E+000
      2.735727     2.4113128E-003     0.0000000E+000
      2.753965     2.3889994E-003     0.0000000E+000
      2.772325     2.4397456E-003     0.0000000E+000
      2.790807     2.4148620E-003     0.0000000E+000
      2.809412     2.4589623E-003     0.0000000E+000
      2.828142     2.4357777E-003     0.0000000E+000
      2.846996     2.4528455E-003     0.0000000E+000
      2.865976     2.4043095E-003     0.0000000E+000
      2.885083     2.4168664E-003     0.0000000E+000
      2.904316     2.4440011E-003     0.0000000E+000
      2.923679     2.4153077E-003     0.0000000E+000
      2.943170     2.3896410E-003     0.0000000E+000
      2.962791     2.4004522E-003     0.0000000E+000
      2.982543     2.3618848E-003     0.0000000E+000
      3.002426     2.3638962E-003     0.0000000E+000
      3.022443     2.3197813E-003     0.0000000E+000
      3.042592     2.3357501E-003     0.0000000E+000
      3.062876     2.2924948E-003     0.0000000E+000
      3.083295     2.2640202E-003     0.0000000E+000
      3.103851     2.2714442E-003     0.0000000E+000
      3.124543     2.2391534E-003     0.0000000E+000
      3.145373     2.2512319E-003     0.0000000E+000
      3.166342     2.2306716E-003     0.0000000E+000
      3.187451     2.2166783E-003     0.0000000E+000
      3.208701     2.2315073E-003     0.0000000E+000
      3.230092     2.2000970E-003     0.0000000E+000
      3.251626     2.1671066E-003     0.0000000E+000
      3.273304     2.1670443E-003     0.0000000E+000
      3.295126     2.1714433E-003     0.0000000E+000
      3.317093     2.2037794E-003     0.0000000E+000
      3.339207     2.1930990E-003     0.0000000E+000
      3.361469     2.1705814E-003     0.0000000E+000
      3.383879     2.1660559E-003     0.0000000E+000
      3.406438     2.1654013E-003     0.0000000E+000
      3.429147     2.1556503E-003     0.0000000E+000
      3.452008     2.1440065E-003     0.0000000E+000
      3.475022     2.1309425E-003     0.0000000E+000
      3.498188     2.1250440E-003     0.0000000E+000
      3.521510     2.1061210E-003     0.0000000E+000
      3.544986     2.0952111E-003     0.0000000E+000
      3.568620     2.0748879E-003     0.0000000E+000
      3.592411     2.0631331E-003     0.0000000E+000
      3.616360     2.0440328E-003     0.0000000E+000
      3.640469     2.0237286E-003     0.0000000E+000
      3.664739     2.0134650E-003     0.0000000E+000
      3.689170     2.0002479E-003     0.0000000E+000
      3.713765     1.9797402E-003     0.0000000E+000
      3.738523     1.9813759E-003     0.0000000E+000
      3.763447     1.9702587E-003     0.0000000E+000
      3.788536     1.9534470E-003     0.0000000E+000
      3.813793     1.9536779E-003     0.0000000E+000
      3.839219     1.9454378E-003     0.0000000E+000
      3.864813     1.9269598E-003     0.0000000E+000
      3.890579     1.9332680E-003     0.0000000E+000
      3.916516     1.9201487E-003     0.0000000E+000
      3.942626     1.9222061E-003     0.0000000E+000
      3.968910     1.9229374E-003     0.0000000E+000
      3.995370     1.9243782E-003     0.0000000E+000
      4.022005     1.9298680E-003     0.0000000E+000
      4.048819     1.9398425E-003     0.0000000E+000
      4.075811     1.9658379E-003     0.0000000E+000
      4.102983     1.9795590E-003     0.0000000E+000
      4.130336     2.0091692E-003     0.0000000E+000
      4.157872     2.0323333E-003     0.0000000E+000
      4.185591     2.0562619E-003     0.0000000E+000
      4.213495     2.1022253E-003     0.0000000E+000
      4.241585     2.1414299E-003     0.0000000E+000
      4.269862     2.1466934E-003     0.0000000E+000
      4.298328     2.1543440E-003     0.0000000E+000
      4.326983     2.1531030E-003     0.0000000E+000
      4.355830     2.1570253E-003     0.0000000E+000
      4.384869     2.1615861E-003     0.0000000E+000
      4.414101     2.1331536E-003     0.0000000E+000
      4.443529     2.1525226E-003     0.0000000E+000
      4.473152     2.1067996E-003     0.0000000E+000
      4.502973     2.1251904E-003     0.0000000E+000
      4.532993     2.1280328E-003     0.0000000E+000
      4.563213     2.1210874E-003     0.0000000E+000
      4.593634     2.1139193E-003     0.0000000E+000
      4.624259     2.1599554E-003     0.0000000E+000
      4.655087     2.1847378E-003     0.0000000E+000
      4.686121     2.1794341E-003     0.0000000E+000
      4.717362     2.2098471E-003     0.0000000E+000
      4.748811     2.1453961E-003     0.0000000E+000
      4.780470     2.2134754E-003     0.0000000E+000
      4.812339     2.1737375E-003     0.0000000E+000
      4.844422     2.1878948E-003     0.0000000E+000
      4.876718     2.1882322E-003     0.0000000E+000
      4.909229     2.1955541E-003     0.0000000E+000
      4.941957     2.2320385E-003     0.0000000E+000
      4.974904     2.2075262E-003     0.0000000E+000
      5.008070     2.2594983E-003     0.0000000E+000
      5.041457     2.2124009E-003     0.0000000E+000
      5.075067     2.2363594E-003     0.0000000E+000
      5.108900     2.2391997E-003     0.0000000E+000
      5.142960     2.3080672E-003     0.0000000E+000
      5.177246     2.2499769E-003     0.0000000E+000
      5.211761     2.3072653E-003     0.0000000E+000
      5.246506     2.2598834E-003     0.0000000E+000
      5.281483     2.3291734E-003     0.0000000E+000
      5.316693     2.2562156E-003     0.0000000E+000
      5.352137     2.3243714E-003     0.0000000E+000
      5.387818     2.3055950E-003     0.0000000E+000
      5.423737     2.3887474E-003     0.0000000E+000
      5.459895     2.3217197E-003     0.0000000E+000
      5.496295     2.3135453E-003     0.0000000E+000
      5.532937     2.3715637E-003     0.0000000E+000
      5.569823     2.3920532E-003     0.0000000E+000
      5.606955     2.3467206E-003     0.0000000E+000
      5.644335     2.3251398E-003     0.0000000E+000
      5.681964     2.3564224E-003     0.0000000E+000
      5.719843     2.4049470E-003     0.0000000E+000
      5.757976     2.3414608E-003     0.0000000E+000
      5.796362     2.3389564E-003     0.0000000E+000
      5.835005     2.3801490E-003     0.0000000E+000
      5.873905     2.3873664E-003     0.0000000E+000
      5.913064     2.3315371E-003     0.0000000E+000
      5.952484     2.3709789E-003     0.0000000E+000
      5.992168     2.2858146E-003     0.0000000E+000
      6.032115     2.3523017E-003     0.0000000E+000
      6.072330     2.2693508E-003     0.0000000E+000
      6.112812     2.2603279E-003     0.0000000E+000
      6.153564     2.2748537E-003     0.0000000E+000
      6.194588     2.2243513E-003     0.0000000E+000
      6.235885     2.2272624E-003     0.0000000E+000
      6.277457     2.2055321E-003     0.0000000E+000
      6.319307     2.1972701E-003     0.0000000E+000
      6.361436     2.2324753E-003     0.0000000E+000
      6.403845     2.3066532E-003     0.0000000E+000
      6.446538     2.2963291E-003     0.0000000E+000
      6.489515     2.4280551E-003     0.0000000E+000
      6.532778     2.4024154E-003     0.0000000E+000
      6.576330     2.4928206E-003     0.0000000E+000
      6.620172     2.5484467E-003     0.0000000E+000
      6.664307     2.4455129E-003     0.0000000E+000
      6.708735     2.4233210E-003     0.0000000E+000
      6.753460     2.3906836E-003     0.0000000E+000
      6.798483     2.4453012E-003     0.0000000E+000
      6.843806     2.4770869E-003     0.0000000E+000
      6.889432     2.3909141E-003     0.0000000E+000
      6.935361     2.3788421E-003     0.0000000E+000
      6.981597     2.3425499E-003     0.0000000E+000
      7.028141     2.4030331E-003     0.0000000E+000
      7.074995     2.3947264E-003     0.0000000E+000
      7.122162     2.3717955E-003     0.0000000E+000
      7.169643     2.3328855E-003     0.0000000E+000
      7.217441     2.3630999E-003     0.0000000E+000
      7.265557     2.3562796E-003     0.0000000E+000
      7.313994     2.3479129E-003     0.0000000E+000
      7.362754     2.3571807E-003     0.0000000E+000
      7.411839     2.3200490E-003     0.0000000E+000
      7.461251     2.3557527E-003     0.0000000E+000
      7.510993     2.3151845E-003     0.0000000E+000
      7.561066     2.3308012E-003     0.0000000E+000
      7.611473     2.3732110E-003     0.0000000E+000
      7.662217     2.3081929E-003     0.0000000E+000
      7.713298     2.3335472E-003     0.0000000E+000
      7.764720     2.3405597E-003     0.0000000E+000
      7.816485     2.2907264E-003     0.0000000E+000
      7.868595     2.3866442E-003     0.0000000E+000
      7.921052     2.2967490E-003     0.0000000E+000
      7.973859     2.3139926E-003     0.0000000E+000
      8.027018     2.3095991E-003     0.0000000E+000
      8.080531     2.2792391E-003     0.0000000E+000
      8.134402     2.2717865E-003     0.0000000E+000
      8.188631     2.3029506E-003     0.0000000E+000
      8.243222     2.2592365E-003     0.0000000E+000
      8.298177     2.2497315E-003     0.0000000E+000
      8.353498     2.2952530E-003     0.0000000E+000
      8.409188     2.2008901E-003     0.0000000E+000
      8.465249     2.2107294E-003     0.0000000E+000
      8.521684     2.2253113E-003     0.0000000E+000
      8.578495     2.1909105E-003     0.0000000E+000
      8.635685     2.1577659E-003     0.0000000E+000
      8.693257     2.1819152E-003     0.0000000E+000
      8.751212     2.1715394E-003     0.0000000E+000
      8.809553     2.1852489E-003     0.0000000E+000
      8.868283     2.1285129E-003     0.0000000E+000
      8.927405     2.1418035E-003     0.0000000E+000
      8.986921     2.1430088E-003     0.0000000E+000
      9.046834     2.1353266E-003     0.0000000E+000
      9.107146     2.1101397E-003     0.0000000E+000
      9.167861     2.0942900E-003     0.0000000E+000
      9.228980     2.1047410E-003     0.0000000E+000
      9.290506     2.1096547E-003     0.0000000E+000
      9.352443     2.0778641E-003     0.0000000E+000
      9.414793     2.1214828E-003     0.0000000E+000
      9.477558     2.1010532E-003     0.0000000E+000
      9.540742     2.0462504E-003     0.0000000E+000
      9.604346     2.0928812E-003     0.0000000E+000
      9.668375     2.0753718E-003     0.0000000E+000
      9.732831     2.0583276E-003     0.0000000E+000
      9.797717     2.0631841E-003     0.0000000E+000
      9.863035     2.1030258E-003     0.0000000E+000
      9.928789     2.0677549E-003     0.0000000E+000
      9.994980     2.0516559E-003     0.0000000E+000
     10.061614     2.0675723E-003     0.0000000E+000
     10.128691     2.0216296E-003     0.0000000E+000
     10.196216     2.0209243E-003     0.0000000E+000
     10.264190     2.0513331E-003     0.0000000E+000
     10.332618     2.0771543E-003     0.0000000E+000
     10.401503     2.1229213E-003     0.0000000E+000
     10.470846     2.0677302E-003     0.0000000E+000
     10.540651     2.0451274E-003     0.0000000E+000
     10.610923     2.0779530E-003     0.0000000E+000
     10.681662     2.0225122E-003     0.0000000E+000
     10.752873     2.0557467E-003     0.0000000E+000
     10.824559     2.0239784E-003     0.0000000E+000
     10.896723     2.0655403E-003     0.0000000E+000
     10.969367     2.1354507E-003     0.0000000E+000
     11.042497     2.1174819E-003     0.0000000E+000
     11.116113     2.0344281E-003     0.0000000E+000
     11.190221     2.0737533E-003     0.0000000E+000
     11.264822     2.0589344E-003     0.0000000E+000
     11.339921     2.0846765E-003     0.0000000E+000
     11.415520     2.0284996E-003     0.0000000E+000
     11.491624     2.0411304E-003     0.0000000E+000
     11.568235     2.0864346E-003     0.0000000E+000
     11.645356     2.1039970E-003     0.0000000E+000
     11.722992     2.1759512E-003     0.0000000E+000
     11.801145     2.0914502E-003     0.0000000E+000
     11.879820     2.0997570E-003     0.0000000E+000
     11.959018     2.0683397E-003     0.0000000E+000
     12.038745     2.0846011E-003     0.0000000E+000
     12.119003     2.1071266E-003     0.0000000E+000
     12.199797     2.0435004E-003     0.0000000E+000
     12.281129     2.1385131E-003     0.0000000E+000
     12.363003     2.1246947E-003     0.0000000E+000
     12.445423     2.1531506E-003     0.0000000E+000
     12.528392     2.1641545E-003     0.0000000E+000
     12.611915     2.1542004E-003     0.0000000E+000
     12.695994     2.1029216E-003     0.0000000E+000
     12.780634     2.1408745E-003     0.0000000E+000
     12.865839     2.1233371E-003     0.0000000E+000
     12.951611     2.1141671E-003     0.0000000E+000
     13.037955     2.1326602E-003     0.0000000E+000
     13.124875     2.1240428E-003     0.0000000E+000
     13.212374     2.1607790E-003     0.0000000E+000
     13.300456     2.1962094E-003     0.0000000E+000
     13.389126     2.1278671E-003     0.0000000E+000
     13.478387     2.2187984E-003     0.0000000E+000
     13.568243     2.1771025E-003     0.0000000E+000
     13.658698     2.1711441E-003     0.0000000E+000
     13.749756     2.1669277E-003     0.0000000E+000
     13.841421     2.1839055E-003     0.0000000E+000
     13.933697     2.1354754E-003     0.0000000E+000
     14.026588     2.1986140E-003     0.0000000E+000
     14.120099     2.2112702E-003     0.0000000E+000
     14.214233     2.2159377E-003     0.0000000E+000
     14.308994     2.2023346E-003     0.0000000E+000
     14.404388     2.2047849E-003     0.0000000E+000
     14.500417     2.2608947E-003     0.0000000E+000
     14.597086     2.1838034E-003     0.0000000E+000
     14.694400     2.2075785E-003     0.0000000E+000
     14.792363     2.2121132E-003     0.0000000E+000
     14.890979     2.2696124E-003     0.0000000E+000
     14.990252     2.2239035E-003     0.0000000E+000
     15.090187     2.2209766E-003     0.0000000E+000
     15.190788     2.2141827E-003     0.0000000E+000
     15.292060     2.2119089E-003     0.0000000E+000
     15.394007     2.2451607E-003     0.0000000E+000
     15.496634     2.2200764E-003     0.0000000E+000
     15.599945     2.3017485E-003     0.0000000E+000
     15.703944     2.2337864E-003     0.0000000E+000
     15.808637     2.2408559E-003     0.0000000E+000
     15.914028     2.1656713E-003     0.0000000E+000
     16.020122     2.2861650E-003     0.0000000E+000
     16.126923     2.2523804E-003     0.0000000E+000
     16.234435     2.2885090E-003     0.0000000E+000
     16.342665     2.2344219E-003     0.0000000E+000
     16.451616     2.2856283E-003     0.0000000E+000
     16.561294     2.2653374E-003     0.0000000E+000
     16.671702     2.3080156E-003     0.0000000E+000
     16.782847     2.2148482E-003     0.0000000E+000
     16.894732     2.2561402E-003     0.0000000E+000
     17.007364     2.2094289E-003     0.0000000E+000
     17.120746     2.2756363E-003     0.0000000E+000
     17.234885     2.2968707E-003     0.0000000E+000
     17.349784     2.3444829E-003     0.0000000E+000
     17.465449     2.2747829E-003     0.0000000E+000
     17.581886     2.2913559E-003     0.0000000E+000
     17.699098     2.3090236E-003     0.0000000E+000
     17.817092     2.2554663E-003     0.0000000E+000
     17.935873     2.2686152E-003     0.0000000E+000
     18.055445     2.2556257E-003     0.0000000E+000
     18.175815     2.3020052E-003     0.0000000E+000
     18.296987     2.2530410E-003     0.0000000E+000
     18.418967     2.3009518E-003     0.0000000E+000
     18.541760     2.3832216E-003     0.0000000E+000
     18.665372     2.3460923E-003     0.0000000E+000
     18.789808     2.2500574E-003     0.0000000E+000
     18.915073     2.2669455E-003     0.0000000E+000
     19.041173     2.2593953E-003     0.0000000E+000
     19.168115     2.2749901E-003     0.0000000E+000
     19.295902     2.3534947E-003     0.0000000E+000
     19.424541     2.3857041E-003     0.0000000E+000
     19.554038     2.2770881E-003     0.0000000E+000
     19.684399     2.2857972E-003     0.0000000E+000
     19.815628     2.3154159E-003     0.0000000E+000
     19.947732     2.3300477E-003     0.0000000E+000
     20.080717     2.2453077E-003     0.0000000E+000
     20.214588     2.3356920E-003     0.0000000E+000
     20.349352     2.3654539E-003     0.0000000E+000
     20.485015     2.3399037E-003     0.0000000E+000
     20.621581     2.2793130E-003     0.0000000E+000
     20.759059     2.2982076E-003     0.0000000E+000
     20.897452     2.2587507E-003     0.0000000E+000
     21.036769     2.3757832E-003     0.0000000E+000
     21.177014     2.4096010E-003     0.0000000E+000
     21.318194     2.3505686E-003     0.0000000E+000
     21.460315     2.2395854E-003     0.0000000E+000
     21.603384     2.4031047E-003     0.0000000E+000
     21.747407     2.3340228E-003     0.0000000E+000
     21.892389     2.3818258E-003     0.0000000E+000
     22.038338     2.3425199E-003     0.0000000E+000
     22.185261     2.3632333E-003     0.0000000E+000
     22.333162     2.3761106E-003     0.0000000E+000
     22.482050     2.3378918E-003     0.0000000E+000
     22.631931     2.3493347E-003     0.0000000E+000
     22.782810     2.2483629E-003     0.0000000E+000
     22.934695     2.3962981E-003     0.0000000E+000
     23.087593     2.2548808E-003     0.0000000E+000
     23.241511     2.2659061E-003     0.0000000E+000
     23.396454     2.2693837E-003     0.0000000E+000
     23.552431     2.4326336E-003     0.0000000E+000
     23.709447     2.3445423E-003     0.0000000E+000
     23.867510     2.4762649E-003     0.0000000E+000
     24.026626     2.2991575E-003     0.0000000E+000
     24.186804     2.2473359E-003     0.0000000E+000
     24.348049     2.2916017E-003     0.0000000E+000
     24.510370     2.3436516E-003     0.0000000E+000
     24.673772     2.3311104E-003     0.0000000E+000
     24.838264     2.2751864E-003     0.0000000E+000
     25.003852     2.4533995E-003     0.0000000E+000
     25.170545     2.3897177E-003     0.0000000E+000
     25.338348     2.3869081E-003     0.0000000E+000
     25.507271     2.3419064E-003     0.0000000E+000
     25.677319     2.3307141E-003     0.0000000E+000
     25.848501     2.2656617E-003     0.0000000E+000
     26.020825     2.3957736E-003     0.0000000E+000
     26.194297     2.2851740E-003     0.0000000E+000
     26.368925     2.2601870E-003     0.0000000E+000
     26.544718     2.4400327E-003     0.0000000E+000
     26.721683     2.4928200E-003     0.0000000E+000
     26.899828     2.2594115E-003     0.0000000E+000
     27.079160     2.3481635E-003     0.0000000E+000
     27.259687     2.3629478E-003     0.0000000E+000
     27.441419     2.2200717E-003     0.0000000E+000
     27.624362     2.2430244E-003     0.0000000E+000
     27.808524     2.3007272E-003     0.0000000E+000
     27.993914     2.4245025E-003     0.0000000E+000
     28.180540     2.4131694E-003     0.0000000E+000
     28.368410     2.4765540E-003     0.0000000E+000
     28.557533     2.4391433E-003     0.0000000E+000
     28.747917     2.2887241E-003     0.0000000E+000
     28.939570     2.2754646E-003     0.0000000E+000
     29.132500     2.3190648E-003     0.0000000E+000
     29.326717     2.3292404E-003     0.0000000E+000
     29.522228     2.4105474E-003     0.0000000E+000
     29.719043     2.2755849E-003     0.0000000E+000
     29.917170     2.3253987E-003     0.0000000E+000
     30.116618     2.3759569E-003     0.0000000E+000
     30.317395     2.2578369E-003     0.0000000E+000
     30.519511     2.4685438E-003     0.0000000E+000
     30.722975     2.3622191E-003     0.0000000E+000
     30.927794     2.3839905E-003     0.0000000E+000
     31.133980     2.4660270E-003     0.0000000E+000
     31.341540     2.2446783E-003     0.0000000E+000
     31.550483     2.2637314E-003     0.0000000E+000
     31.760820     2.3340812E-003     0.0000000E+000
     31.972558     2.3568771E-003     0.0000000E+000
     32.185709     2.2923816E-003     0.0000000E+000
     32.400280     2.3432808E-003     0.0000000E+000
     32.616282     2.2531949E-003     0.0000000E+000
     32.833724     2.4081626E-003     0.0000000E+000
     33.052615     2.5492425E-003     0.0000000E+000
     33.272966     2.3989651E-003     0.0000000E+000
     33.494786     2.3615595E-003     0.0000000E+000
     33.718085     2.2850478E-003     0.0000000E+000
     33.942872     2.2390666E-003     0.0000000E+000
     34.169158     2.2985025E-003     0.0000000E+000
     34.396952     2.4340427E-003     0.0000000E+000
     34.626265     2.4147062E-003     0.0000000E+000
     34.857107     2.3732448E-003     0.0000000E+000
     35.089488     2.4648027E-003     0.0000000E+000
     35.323417     2.4043303E-003     0.0000000E+000
     35.558907     2.4094214E-003     0.0000000E+000
     35.795966     2.4295517E-003     0.0000000E+000
     36.034606     2.4255013E-003     0.0000000E+000
     36.274837     2.4103144E-003     0.0000000E+000
     36.516669     2.2628948E-003     0.0000000E+000
     36.760113     2.4087174E-003     0.0000000E+000
     37.005181     2.3267262E-003     0.0000000E+000
     37.251882     2.4300598E-003     0.0000000E+000
     37.500228     2.4293038E-003     0.0000000E+000
     37.750229     2.3774430E-003     0.0000000E+000
     38.001898     2.3872964E-003     0.0000000E+000
     38.255244     2.3632457E-003     0.0000000E+000
     38.510279     2.2594753E-003     0.0000000E+000
     38.767014     2.3156516E-003     0.0000000E+000
     39.025461     2.3534681E-003     0.0000000E+000
     39.285630     2.4572457E-003     0.0000000E+000
     39.547535     2.3031757E-003     0.0000000E+000
     39.811185     2.3311541E-003     0.0000000E+000
     40.076593     2.5142023E-003     0.0000000E+000
     40.343770     2.5226337E-003     0.0000000E+000
     40.612728     2.5462977E-003     0.0000000E+000
     40.883480     2.5003694E-003     0.0000000E+000
     41.156036     2.3539503E-003     0.0000000E+000
     41.430410     2.3702399E-003     0.0000000E+000
     41.706613     2.2981272E-003     0.0000000E+000
     41.984657     2.3319519E-003     0.0000000E+000
     42.264555     2.3409481E-003     0.0000000E+000
     42.546318     2.4015179E-003     0.0000000E+000
     42.829960     2.3505777E-003     0.0000000E+000
     43.115493     2.5827404E-003     0.0000000E+000
     43.402930     2.4223211E-003     0.0000000E+000
     43.692283     2.4385627E-003     0.0000000E+000
     43.983565     2.5266508E-003     0.0000000E+000
     44.276789     2.3673105E-003     0.0000000E+000
     44.571967     2.3798131E-003     0.0000000E+000
     44.869114     2.4282705E-003     0.0000000E+000
     45.168241     2.4217937E-003     0.0000000E+000
     45.469363     2.3987872E-003     0.0000000E+000
     45.772492     2.3671087E-003     0.0000000E+000
     46.077642     2.4287157E-003     0.0000000E+000
     46.384826     2.3806984E-003     0.0000000E+000
     46.694058     2.4148890E-003     0.0000000E+000
     47.005352     2.4847485E-003     0.0000000E+000
     47.318721     2.4326024E-003     0.0000000E+000
     47.634179     2.3679842E-003     0.0000000E+000
     47.951740     2.4209506E-003     0.0000000E+000
     48.271418     2.2990575E-003     0.0000000E+000
     48.593228     2.4816011E-003     0.0000000E+000
     48.917183     2.3384421E-003     0.0000000E+000
     49.243297     2.4837131E-003     0.0000000E+000
     49.571586     2.3635740E-003     0.0000000E+000
     49.902063     1.7805550E-003     0.0000000E+000
