
      0.100000     1.3889894E-003     0.0000000E+000
      0.100667     1.3898814E-003     0.0000000E+000
      0.101338     1.3958589E-003     0.0000000E+000
      0.102013     1.4118148E-003     0.0000000E+000
      0.102693     1.4455806E-003     0.0000000E+000
      0.103378     1.5075016E-003     0.0000000E+000
      0.104067     1.6059183E-003     0.0000000E+000
      0.104761     1.7397103E-003     0.0000000E+000
      0.105459     1.8917053E-003     0.0000000E+000
      0.106163     2.0336334E-003     0.0000000E+000
      0.106870     2.1443415E-003     0.0000000E+000
      0.107583     2.2212783E-003     0.0000000E+000
      0.108300     2.2738606E-003     0.0000000E+000
      0.109022     2.3119030E-003     0.0000000E+000
      0.109749     2.3408944E-003     0.0000000E+000
      0.110480     2.3630375E-003     0.0000000E+000
      0.111217     2.3790597E-003     0.0000000E+000
      0.111958     2.3891944E-003     0.0000000E+000
      0.112705     2.3935538E-003     0.0000000E+000
      0.113456     2.3922418E-003     0.0000000E+000
      0.114213     2.3853808E-003     0.0000000E+000
      0.114974     2.3731040E-003     0.0000000E+000
      0.115740     2.3555066E-003     0.0000000E+000
      0.116512     2.3324885E-003     0.0000000E+000
      0.117289     2.3033374E-003     0.0000000E+000
      0.118071     2.2659001E-003     0.0000000E+000
      0.118858     2.2156986E-003     0.0000000E+000
      0.119650     2.1467577E-003     0.0000000E+000
      0.120448     2.0562627E-003     0.0000000E+000
      0.121251     1.9519623E-003     0.0000000E+000
      0.122059     1.8540491E-003     0.0000000E+000
      0.122873     1.7863203E-003     0.0000000E+000
      0.123692     1.7630427E-003     0.0000000E+000
      0.124517     1.7833390E-003     0.0000000E+000
      0.125347     1.8346977E-003     0.0000000E+000
      0.126182     1.9004623E-003     0.0000000E+000
      0.127024     1.9665105E-003     0.0000000E+000
      0.127871     2.0241890E-003     0.0000000E+000
      0.128723     2.0699357E-003     0.0000000E+000
      0.129581     2.1034440E-003     0.0000000E+000
      0.130445     2.1258364E-003     0.0000000E+000
      0.131315     2.1384953E-003     0.0000000E+000
      0.132190     2.1426463E-003     0.0000000E+000
      0.133071     2.1392295E-003     0.0000000E+000
      0.133959     2.1290081E-003     0.0000000E+000
      0.134852     2.1127767E-003     0.0000000E+000
      0.135751     2.0916089E-003     0.0000000E+000
      0.136656     2.0670569E-003     0.0000000E+000
      0.137567     2.0411739E-003     0.0000000E+000
      0.138484     2.0162606E-003     0.0000000E+000
      0.139407     1.9943872E-003     0.0000000E+000
      0.140336     1.9769139E-003     0.0000000E+000
      0.141272     1.9642549E-003     0.0000000E+000
      0.142214     1.9560023E-003     0.0000000E+000
      0.143162     1.9511546E-003     0.0000000E+000
      0.144116     1.9485418E-003     0.0000000E+000
      0.145077     1.9470681E-003     0.0000000E+000
      0.146044     1.9458419E-003     0.0000000E+000
      0.147018     1.9442067E-003     0.0000000E+000
      0.147998     1.9417143E-003     0.0000000E+000
      0.148985     1.9380780E-003     0.0000000E+000
      0.149978     1.9331241E-003     0.0000000E+000
      0.150978     1.9267540E-003     0.0000000E+000
      0.151984     1.9189167E-003     0.0000000E+000
      0.152997     1.9095903E-003     0.0000000E+000
      0.154017     1.8987722E-003     0.0000000E+000
      0.155044     1.8864911E-003     0.0000000E+000
      0.156078     1.8728783E-003     0.0000000E+000
      0.157118     1.8578492E-003     0.0000000E+000
      0.158166     1.8414483E-003     0.0000000E+000
      0.159220     1.8237320E-003     0.0000000E+000
      0.160282     1.8047703E-003     0.0000000E+000
      0.161350     1.7846471E-003     0.0000000E+000
      0.162426     1.7634612E-003     0.0000000E+000
      0.163509     1.7413261E-003     0.0000000E+000
      0.164599     1.7183693E-003     0.0000000E+000
      0.165696     1.6947310E-003     0.0000000E+000
      0.166801     1.6705623E-003     0.0000000E+000
      0.167913     1.6460224E-003     0.0000000E+000
      0.169032     1.6212760E-003     0.0000000E+000
      0.170159     1.5964900E-003     0.0000000E+000
      0.171293     1.5720160E-003     0.0000000E+000
      0.172435     1.5478660E-003     0.0000000E+000
      0.173585     1.5241669E-003     0.0000000E+000
      0.174742     1.5010519E-003     0.0000000E+000
      0.175907     1.4786470E-003     0.0000000E+000
      0.177080     1.4570625E-003     0.0000000E+000
      0.178260     1.4363914E-003     0.0000000E+000
      0.179449     1.4167090E-003     0.0000000E+000
      0.180645     1.3980722E-003     0.0000000E+000
      0.181849     1.3805204E-003     0.0000000E+000
      0.183062     1.3640760E-003     0.0000000E+000
      0.184282     1.3487459E-003     0.0000000E+000
      0.185511     1.3345229E-003     0.0000000E+000
      0.186747     1.3213873E-003     0.0000000E+000
      0.187992     1.3093362E-003     0.0000000E+000
      0.189246     1.2984281E-003     0.0000000E+000
      0.190507     1.2884910E-003     0.0000000E+000
      0.191777     1.2794818E-003     0.0000000E+000
      0.193056     1.2713397E-003     0.0000000E+000
      0.194343     1.2640048E-003     0.0000000E+000
      0.195639     1.2574195E-003     0.0000000E+000
      0.196943     1.2515265E-003     0.0000000E+000
      0.198256     1.2462694E-003     0.0000000E+000
      0.199577     1.2415935E-003     0.0000000E+000
      0.200908     1.2374467E-003     0.0000000E+000
      0.202247     1.2337792E-003     0.0000000E+000
      0.203596     1.2305444E-003     0.0000000E+000
      0.204953     1.2276986E-003     0.0000000E+000
      0.206319     1.2252034E-003     0.0000000E+000
      0.207695     1.2230254E-003     0.0000000E+000
      0.209079     1.2211959E-003     0.0000000E+000
      0.210473     1.2196103E-003     0.0000000E+000
      0.211876     1.2182406E-003     0.0000000E+000
      0.213289     1.2170616E-003     0.0000000E+000
      0.214711     1.2160505E-003     0.0000000E+000
      0.216142     1.2151871E-003     0.0000000E+000
      0.217583     1.2144533E-003     0.0000000E+000
      0.219034     1.2138329E-003     0.0000000E+000
      0.220494     1.2133130E-003     0.0000000E+000
      0.221964     1.2128810E-003     0.0000000E+000
      0.223444     1.2125240E-003     0.0000000E+000
      0.224933     1.2122323E-003     0.0000000E+000
      0.226433     1.2119974E-003     0.0000000E+000
      0.227943     1.2118118E-003     0.0000000E+000
      0.229462     1.2116690E-003     0.0000000E+000
      0.230992     1.2115779E-003     0.0000000E+000
      0.232532     1.2115351E-003     0.0000000E+000
      0.234082     1.2115200E-003     0.0000000E+000
      0.235643     1.2115291E-003     0.0000000E+000
      0.237214     1.2115581E-003     0.0000000E+000
      0.238795     1.2116043E-003     0.0000000E+000
      0.240387     1.2116655E-003     0.0000000E+000
      0.241990     1.2117394E-003     0.0000000E+000
      0.243603     1.2118245E-003     0.0000000E+000
      0.245227     1.2119191E-003     0.0000000E+000
      0.246862     1.2120220E-003     0.0000000E+000
      0.248507     1.2121327E-003     0.0000000E+000
      0.250164     1.2122496E-003     0.0000000E+000
      0.251832     1.2123718E-003     0.0000000E+000
      0.253511     1.2124987E-003     0.0000000E+000
      0.255201     1.2126296E-003     0.0000000E+000
      0.256902     1.2127706E-003     0.0000000E+000
      0.258615     1.2129204E-003     0.0000000E+000
      0.260339     1.2130727E-003     0.0000000E+000
      0.262075     1.2132272E-003     0.0000000E+000
      0.263822     1.2133838E-003     0.0000000E+000
      0.265580     1.2135419E-003     0.0000000E+000
      0.267351     1.2137015E-003     0.0000000E+000
      0.269133     1.2138622E-003     0.0000000E+000
      0.270928     1.2140241E-003     0.0000000E+000
      0.272734     1.2141870E-003     0.0000000E+000
      0.274552     1.2143508E-003     0.0000000E+000
      0.276382     1.2145155E-003     0.0000000E+000
      0.278225     1.2146810E-003     0.0000000E+000
      0.280080     1.2148471E-003     0.0000000E+000
      0.281947     1.2150138E-003     0.0000000E+000
      0.283827     1.2151811E-003     0.0000000E+000
      0.285719     1.2153502E-003     0.0000000E+000
      0.287624     1.2155234E-003     0.0000000E+000
      0.289541     1.2156969E-003     0.0000000E+000
      0.291471     1.2158708E-003     0.0000000E+000
      0.293414     1.2160449E-003     0.0000000E+000
      0.295371     1.2162193E-003     0.0000000E+000
      0.297340     1.2163940E-003     0.0000000E+000
      0.299322     1.2165689E-003     0.0000000E+000
      0.301317     1.2182842E-003     0.0000000E+000
      0.303326     1.2188270E-003     0.0000000E+000
      0.305348     1.2191578E-003     0.0000000E+000
      0.307384     1.2205341E-003     0.0000000E+000
      0.309433     1.2208429E-003     0.0000000E+000
      0.311496     1.2209923E-003     0.0000000E+000
      0.313573     1.2242025E-003     0.0000000E+000
      0.315663     1.2241554E-003     0.0000000E+000
      0.317768     1.2226525E-003     0.0000000E+000
      0.319886     1.2213516E-003     0.0000000E+000
      0.322019     1.2216206E-003     0.0000000E+000
      0.324166     1.2210527E-003     0.0000000E+000
      0.326327     1.2229605E-003     0.0000000E+000
      0.328502     1.2230510E-003     0.0000000E+000
      0.330692     1.2265277E-003     0.0000000E+000
      0.332897     1.2279718E-003     0.0000000E+000
      0.335116     1.2363637E-003     0.0000000E+000
      0.337350     1.2376609E-003     0.0000000E+000
      0.339599     1.2316529E-003     0.0000000E+000
      0.341863     1.2291468E-003     0.0000000E+000
      0.344142     1.2270768E-003     0.0000000E+000
      0.346437     1.2262564E-003     0.0000000E+000
      0.348746     1.2279817E-003     0.0000000E+000
      0.351071     1.2255396E-003     0.0000000E+000
      0.353412     1.2279228E-003     0.0000000E+000
      0.355768     1.2302202E-003     0.0000000E+000
      0.358139     1.2350064E-003     0.0000000E+000
      0.360527     1.2443897E-003     0.0000000E+000
      0.362931     1.2741890E-003     0.0000000E+000
      0.365350     1.2706474E-003     0.0000000E+000
      0.367786     1.2561209E-003     0.0000000E+000
      0.370238     1.2424154E-003     0.0000000E+000
      0.372706     1.2382897E-003     0.0000000E+000
      0.375191     1.2374371E-003     0.0000000E+000
      0.377692     1.2452600E-003     0.0000000E+000
      0.380210     1.2427536E-003     0.0000000E+000
      0.382745     1.2429025E-003     0.0000000E+000
      0.385296     1.2377468E-003     0.0000000E+000
      0.387865     1.2346801E-003     0.0000000E+000
      0.390451     1.2374250E-003     0.0000000E+000
      0.393054     1.2529721E-003     0.0000000E+000
      0.395674     1.2965690E-003     0.0000000E+000
      0.398312     1.3453472E-003     0.0000000E+000
      0.400967     1.3402146E-003     0.0000000E+000
      0.403640     1.3118723E-003     0.0000000E+000
      0.406331     1.2799810E-003     0.0000000E+000
      0.409040     1.2556675E-003     0.0000000E+000
      0.411767     1.2471663E-003     0.0000000E+000
      0.414512     1.2633548E-003     0.0000000E+000
      0.417276     1.3008508E-003     0.0000000E+000
      0.420057     1.2962787E-003     0.0000000E+000
      0.422858     1.2868851E-003     0.0000000E+000
      0.425677     1.2838650E-003     0.0000000E+000
      0.428515     1.2678288E-003     0.0000000E+000
      0.431371     1.2584207E-003     0.0000000E+000
      0.434247     1.2528735E-003     0.0000000E+000
      0.437142     1.2780097E-003     0.0000000E+000
      0.440057     1.3636967E-003     0.0000000E+000
      0.442990     1.4402699E-003     0.0000000E+000
      0.445944     1.4375706E-003     0.0000000E+000
      0.448916     1.4205519E-003     0.0000000E+000
      0.451909     1.3825751E-003     0.0000000E+000
      0.454922     1.3399351E-003     0.0000000E+000
      0.457955     1.3024500E-003     0.0000000E+000
      0.461008     1.2812628E-003     0.0000000E+000
      0.464081     1.2933659E-003     0.0000000E+000
      0.467175     1.3519705E-003     0.0000000E+000
      0.470290     1.4005846E-003     0.0000000E+000
      0.473425     1.3963732E-003     0.0000000E+000
      0.476581     1.3829635E-003     0.0000000E+000
      0.479758     1.3548125E-003     0.0000000E+000
      0.482957     1.3384489E-003     0.0000000E+000
      0.486176     1.3847376E-003     0.0000000E+000
      0.489417     1.3606872E-003     0.0000000E+000
      0.492680     1.3675744E-003     0.0000000E+000
      0.495965     1.3660428E-003     0.0000000E+000
      0.499271     1.4414138E-003     0.0000000E+000
      0.502600     1.5410318E-003     0.0000000E+000
      0.505950     1.5406946E-003     0.0000000E+000
      0.509323     1.5409713E-003     0.0000000E+000
      0.512719     1.5239607E-003     0.0000000E+000
      0.516137     1.4825077E-003     0.0000000E+000
      0.519578     1.4315318E-003     0.0000000E+000
      0.523042     1.4012110E-003     0.0000000E+000
      0.526529     1.3883723E-003     0.0000000E+000
      0.530039     1.3957346E-003     0.0000000E+000
      0.533572     1.3954856E-003     0.0000000E+000
      0.537130     1.4380820E-003     0.0000000E+000
      0.540711     1.5198973E-003     0.0000000E+000
      0.544315     1.5164262E-003     0.0000000E+000
      0.547944     1.5165685E-003     0.0000000E+000
      0.551597     1.4997554E-003     0.0000000E+000
      0.555274     1.4659933E-003     0.0000000E+000
      0.558976     1.4327600E-003     0.0000000E+000
      0.562703     1.4170361E-003     0.0000000E+000
      0.566454     1.4655821E-003     0.0000000E+000
      0.570230     1.5391440E-003     0.0000000E+000
      0.574032     1.5294284E-003     0.0000000E+000
      0.577859     1.5324073E-003     0.0000000E+000
      0.581711     1.5565810E-003     0.0000000E+000
      0.585589     1.5848777E-003     0.0000000E+000
      0.589493     1.7050018E-003     0.0000000E+000
      0.593423     1.6627102E-003     0.0000000E+000
      0.597379     1.6626522E-003     0.0000000E+000
      0.601362     1.6503119E-003     0.0000000E+000
      0.605371     1.6127750E-003     0.0000000E+000
      0.609407     1.5679121E-003     0.0000000E+000
      0.613469     1.5197081E-003     0.0000000E+000
      0.617559     1.4893542E-003     0.0000000E+000
      0.621676     1.4810624E-003     0.0000000E+000
      0.625821     1.5394323E-003     0.0000000E+000
      0.629993     1.5190938E-003     0.0000000E+000
      0.634193     1.5389288E-003     0.0000000E+000
      0.638421     1.5612299E-003     0.0000000E+000
      0.642677     1.5912918E-003     0.0000000E+000
      0.646961     1.6753275E-003     0.0000000E+000
      0.651275     1.6432973E-003     0.0000000E+000
      0.655616     1.6440102E-003     0.0000000E+000
      0.659987     1.6299187E-003     0.0000000E+000
      0.664387     1.6095583E-003     0.0000000E+000
      0.668816     1.5759023E-003     0.0000000E+000
      0.673275     1.5400892E-003     0.0000000E+000
      0.677764     1.5254302E-003     0.0000000E+000
      0.682282     1.5336262E-003     0.0000000E+000
      0.686831     1.5342039E-003     0.0000000E+000
      0.691409     1.6791705E-003     0.0000000E+000
      0.696019     1.6832031E-003     0.0000000E+000
      0.700659     1.6918872E-003     0.0000000E+000
      0.705330     1.7041920E-003     0.0000000E+000
      0.710032     1.7219361E-003     0.0000000E+000
      0.714766     1.7894495E-003     0.0000000E+000
      0.719531     1.8456726E-003     0.0000000E+000
      0.724328     1.8148358E-003     0.0000000E+000
      0.729157     1.8087533E-003     0.0000000E+000
      0.734018     1.7952702E-003     0.0000000E+000
      0.738911     1.7830388E-003     0.0000000E+000
      0.743837     1.7543665E-003     0.0000000E+000
      0.748796     1.7255659E-003     0.0000000E+000
      0.753788     1.6971730E-003     0.0000000E+000
      0.758813     1.6705827E-003     0.0000000E+000
      0.763872     1.6483746E-003     0.0000000E+000
      0.768964     1.6380436E-003     0.0000000E+000
      0.774091     1.6317215E-003     0.0000000E+000
      0.779252     1.6497969E-003     0.0000000E+000
      0.784447     1.6814509E-003     0.0000000E+000
      0.789676     1.6842510E-003     0.0000000E+000
      0.794941     1.6912696E-003     0.0000000E+000
      0.800240     1.7279971E-003     0.0000000E+000
      0.805575     1.7481724E-003     0.0000000E+000
      0.810946     1.8405417E-003     0.0000000E+000
      0.816352     1.8364723E-003     0.0000000E+000
      0.821794     1.8307747E-003     0.0000000E+000
      0.827273     1.8111265E-003     0.0000000E+000
      0.832788     1.8162397E-003     0.0000000E+000
      0.838340     1.8046361E-003     0.0000000E+000
      0.843929     1.7832359E-003     0.0000000E+000
      0.849555     1.7606354E-003     0.0000000E+000
      0.855219     1.7316806E-003     0.0000000E+000
      0.860920     1.7050784E-003     0.0000000E+000
      0.866660     1.6859632E-003     0.0000000E+000
      0.872438     1.6830854E-003     0.0000000E+000
      0.878254     1.6750723E-003     0.0000000E+000
      0.884109     1.6843497E-003     0.0000000E+000
      0.890003     1.7923463E-003     0.0000000E+000
      0.895936     1.8514065E-003     0.0000000E+000
      0.901909     1.8420423E-003     0.0000000E+000
      0.907922     1.8250630E-003     0.0000000E+000
      0.913975     1.8799087E-003     0.0000000E+000
      0.920068     1.8835885E-003     0.0000000E+000
      0.926202     1.9797723E-003     0.0000000E+000
      0.932376     2.0640422E-003     0.0000000E+000
      0.938592     2.0507042E-003     0.0000000E+000
      0.944849     2.0191888E-003     0.0000000E+000
      0.951148     2.0201427E-003     0.0000000E+000
      0.957489     2.0366130E-003     0.0000000E+000
      0.963873     2.0170709E-003     0.0000000E+000
      0.970299     1.9882378E-003     0.0000000E+000
      0.976767     1.9805497E-003     0.0000000E+000
      0.983279     1.9643730E-003     0.0000000E+000
      0.989834     1.9334201E-003     0.0000000E+000
      0.996433     1.9077753E-003     0.0000000E+000
      1.003076     1.8775017E-003     0.0000000E+000
      1.009763     1.8373923E-003     0.0000000E+000
      1.016495     1.8033498E-003     0.0000000E+000
      1.023272     1.7746218E-003     0.0000000E+000
      1.030093     1.7546790E-003     0.0000000E+000
      1.036961     1.7327557E-003     0.0000000E+000
      1.043874     1.7340387E-003     0.0000000E+000
      1.050833     1.7393037E-003     0.0000000E+000
      1.057838     1.7430469E-003     0.0000000E+000
      1.064891     1.7545327E-003     0.0000000E+000
      1.071990     1.7668840E-003     0.0000000E+000
      1.079137     1.7841566E-003     0.0000000E+000
      1.086331     1.8212827E-003     0.0000000E+000
      1.093573     1.9353913E-003     0.0000000E+000
      1.100863     1.9924310E-003     0.0000000E+000
      1.108203     2.0209965E-003     0.0000000E+000
      1.115591     2.0669377E-003     0.0000000E+000
      1.123028     2.0654268E-003     0.0000000E+000
      1.130515     2.0742284E-003     0.0000000E+000
      1.138051     2.0715334E-003     0.0000000E+000
      1.145638     2.0614128E-003     0.0000000E+000
      1.153276     2.0618013E-003     0.0000000E+000
      1.160965     2.0574494E-003     0.0000000E+000
      1.168704     2.0547506E-003     0.0000000E+000
      1.176496     2.0442656E-003     0.0000000E+000
      1.184339     2.0127378E-003     0.0000000E+000
      1.192235     1.9763582E-003     0.0000000E+000
      1.200183     1.9428291E-003     0.0000000E+000
      1.208184     1.9206865E-003     0.0000000E+000
      1.216239     1.8954459E-003     0.0000000E+000
      1.224347     1.8800728E-003     0.0000000E+000
      1.232509     1.8560516E-003     0.0000000E+000
      1.240726     1.8389464E-003     0.0000000E+000
      1.248997     1.8162659E-003     0.0000000E+000
      1.257324     1.8086564E-003     0.0000000E+000
      1.265706     1.8163471E-003     0.0000000E+000
      1.274144     1.8329072E-003     0.0000000E+000
      1.282639     1.8586444E-003     0.0000000E+000
      1.291189     1.8866470E-003     0.0000000E+000
      1.299797     1.9016614E-003     0.0000000E+000
      1.308463     1.9125976E-003     0.0000000E+000
      1.317186     1.9452339E-003     0.0000000E+000
      1.325967     1.9906193E-003     0.0000000E+000
      1.334807     2.1645502E-003     0.0000000E+000
      1.343706     2.2322530E-003     0.0000000E+000
      1.352664     2.2898153E-003     0.0000000E+000
      1.361681     2.3100215E-003     0.0000000E+000
      1.370759     2.3073443E-003     0.0000000E+000
      1.379898     2.2903678E-003     0.0000000E+000
      1.389097     2.2790467E-003     0.0000000E+000
      1.398358     2.2951611E-003     0.0000000E+000
      1.407680     2.3178352E-003     0.0000000E+000
      1.417064     2.3300095E-003     0.0000000E+000
      1.426512     2.3299690E-003     0.0000000E+000
      1.436022     2.3232601E-003     0.0000000E+000
      1.445595     2.2943208E-003     0.0000000E+000
      1.455232     2.2354800E-003     0.0000000E+000
      1.464934     2.2433567E-003     0.0000000E+000
      1.474700     2.2144636E-003     0.0000000E+000
      1.484532     2.2045422E-003     0.0000000E+000
      1.494428     2.1785572E-003     0.0000000E+000
      1.504391     2.1584108E-003     0.0000000E+000
      1.514421     2.1212028E-003     0.0000000E+000
      1.524517     2.0921551E-003     0.0000000E+000
      1.534680     2.0614366E-003     0.0000000E+000
      1.544911     2.0233072E-003     0.0000000E+000
      1.555211     1.9915588E-003     0.0000000E+000
      1.565579     1.9527472E-003     0.0000000E+000
      1.576016     1.9287827E-003     0.0000000E+000
      1.586523     1.9017040E-003     0.0000000E+000
      1.597100     1.8874689E-003     0.0000000E+000
      1.607747     1.8927298E-003     0.0000000E+000
      1.618465     1.9050175E-003     0.0000000E+000
      1.629255     1.9127722E-003     0.0000000E+000
      1.640117     1.9061120E-003     0.0000000E+000
      1.651051     1.9091157E-003     0.0000000E+000
      1.662058     1.9263156E-003     0.0000000E+000
      1.673138     1.9406187E-003     0.0000000E+000
      1.684292     1.9216085E-003     0.0000000E+000
      1.695521     1.9428933E-003     0.0000000E+000
      1.706825     1.9487896E-003     0.0000000E+000
      1.718203     1.9890090E-003     0.0000000E+000
      1.729658     2.0216638E-003     0.0000000E+000
      1.741189     2.0443750E-003     0.0000000E+000
      1.752797     2.0685509E-003     0.0000000E+000
      1.764482     2.1016717E-003     0.0000000E+000
      1.776246     2.1421418E-003     0.0000000E+000
      1.788087     2.1760188E-003     0.0000000E+000
      1.800008     2.2001533E-003     0.0000000E+000
      1.812008     2.2200981E-003     0.0000000E+000
      1.824088     2.2357885E-003     0.0000000E+000
      1.836248     2.2460875E-003     0.0000000E+000
      1.848490     2.2731290E-003     0.0000000E+000
      1.860813     2.3161749E-003     0.0000000E+000
      1.873219     2.2829703E-003     0.0000000E+000
      1.885707     2.2309684E-003     0.0000000E+000
      1.898278     2.2130284E-003     0.0000000E+000
      1.910934     2.2007586E-003     0.0000000E+000
      1.923673     2.2078254E-003     0.0000000E+000
      1.936498     2.2524851E-003     0.0000000E+000
      1.949408     2.2544555E-003     0.0000000E+000
      1.962404     2.2434290E-003     0.0000000E+000
      1.975486     2.2341911E-003     0.0000000E+000
      1.988656     2.2201543E-003     0.0000000E+000
      2.001914     2.1964421E-003     0.0000000E+000
      2.015260     2.1701383E-003     0.0000000E+000
      2.028695     2.1357536E-003     0.0000000E+000
      2.042220     2.0943474E-003     0.0000000E+000
      2.055834     2.0709181E-003     0.0000000E+000
      2.069540     2.0438824E-003     0.0000000E+000
      2.083337     2.0175542E-003     0.0000000E+000
      2.097226     2.0032994E-003     0.0000000E+000
      2.111207     1.9877077E-003     0.0000000E+000
      2.125282     1.9803365E-003     0.0000000E+000
      2.139451     1.9710177E-003     0.0000000E+000
      2.153714     1.9759549E-003     0.0000000E+000
      2.168072     1.9753010E-003     0.0000000E+000
      2.182526     1.9849089E-003     0.0000000E+000
      2.197076     2.0064598E-003     0.0000000E+000
      2.211723     2.0112456E-003     0.0000000E+000
      2.226468     2.0181060E-003     0.0000000E+000
      2.241311     2.0294375E-003     0.0000000E+000
      2.256253     2.0277055E-003     0.0000000E+000
      2.271295     2.0406637E-003     0.0000000E+000
      2.286437     2.0466678E-003     0.0000000E+000
      2.301679     2.0405548E-003     0.0000000E+000
      2.317024     2.0555342E-003     0.0000000E+000
      2.332471     2.0566287E-003     0.0000000E+000
      2.348021     2.0825667E-003     0.0000000E+000
      2.363674     2.0859228E-003     0.0000000E+000
      2.379432     2.1108711E-003     0.0000000E+000
      2.395295     2.0904366E-003     0.0000000E+000
      2.411263     2.1315512E-003     0.0000000E+000
      2.427339     2.1523071E-003     0.0000000E+000
      2.443521     2.1896047E-003     0.0000000E+000
      2.459811     2.2179814E-003     0.0000000E+000
      2.476210     2.2626906E-003     0.0000000E+000
      2.492718     2.2838532E-003     0.0000000E+000
      2.509336     2.3519018E-003     0.0000000E+000
      2.526065     2.3563982E-003     0.0000000E+000
      2.542905     2.3896371E-003     0.0000000E+000
      2.559858     2.4175489E-003     0.0000000E+000
      2.576924     2.3902470E-003     0.0000000E+000
      2.594103     2.3880763E-003     0.0000000E+000
      2.611397     2.3621410E-003     0.0000000E+000
      2.628806     2.3642565E-003     0.0000000E+000
      2.646332     2.3598108E-003     0.0000000E+000
      2.663974     2.3868473E-003     0.0000000E+000
      2.681734     2.4290178E-003     0.0000000E+000
      2.699612     2.4601358E-003     0.0000000E+000
      2.717610     2.4540381E-003     0.0000000E+000
      2.735727     2.4112148E-003     0.0000000E+000
      2.753965     2.3888867E-003     0.0000000E+000
      2.772325     2.4395773E-003     0.0000000E+000
      2.790807     2.4147860E-003     0.0000000E+000
      2.809412     2.4588066E-003     0.0000000E+000
      2.828142     2.4355973E-003     0.0000000E+000
      2.846996     2.4525668E-003     0.0000000E+000
      2.865976     2.4040256E-003     0.0000000E+000
      2.885083     2.4165290E-003     0.0000000E+000
      2.904316     2.4436281E-003     0.0000000E+000
      2.923679     2.4149337E-003     0.0000000E+000
      2.943170     2.3892924E-003     0.0000000E+000
      2.962791     2.4000917E-003     0.0000000E+000
      2.982543     2.3615940E-003     0.0000000E+000
      3.002426     2.3636642E-003     0.0000000E+000
      3.022443     2.3197518E-003     0.0000000E+000
      3.042592     2.3360489E-003     0.0000000E+000
      3.062876     2.2939335E-003     0.0000000E+000
      3.083295     2.2666211E-003     0.0000000E+000
      3.103851     2.2748901E-003     0.0000000E+000
      3.124543     2.2437910E-003     0.0000000E+000
      3.145373     2.2565775E-003     0.0000000E+000
      3.166342     2.2373468E-003     0.0000000E+000
      3.187451     2.2238780E-003     0.0000000E+000
      3.208701     2.2383823E-003     0.0000000E+000
      3.230092     2.2079081E-003     0.0000000E+000
      3.251626     2.1757021E-003     0.0000000E+000
      3.273304     2.1751330E-003     0.0000000E+000
      3.295126     2.1791854E-003     0.0000000E+000
      3.317093     2.2141137E-003     0.0000000E+000
      3.339207     2.2046953E-003     0.0000000E+000
      3.361469     2.1805845E-003     0.0000000E+000
      3.383879     2.1751472E-003     0.0000000E+000
      3.406438     2.1746816E-003     0.0000000E+000
      3.429147     2.1656918E-003     0.0000000E+000
      3.452008     2.1547085E-003     0.0000000E+000
      3.475022     2.1419323E-003     0.0000000E+000
      3.498188     2.1363424E-003     0.0000000E+000
      3.521510     2.1178717E-003     0.0000000E+000
      3.544986     2.1075232E-003     0.0000000E+000
      3.568620     2.0880141E-003     0.0000000E+000
      3.592411     2.0762964E-003     0.0000000E+000
      3.616360     2.0579156E-003     0.0000000E+000
      3.640469     2.0385122E-003     0.0000000E+000
      3.664739     2.0283175E-003     0.0000000E+000
      3.689170     2.0154432E-003     0.0000000E+000
      3.713765     1.9963254E-003     0.0000000E+000
      3.738523     1.9972090E-003     0.0000000E+000
      3.763447     1.9863990E-003     0.0000000E+000
      3.788536     1.9709259E-003     0.0000000E+000
      3.813793     1.9700349E-003     0.0000000E+000
      3.839219     1.9614675E-003     0.0000000E+000
      3.864813     1.9444247E-003     0.0000000E+000
      3.890579     1.9494942E-003     0.0000000E+000
      3.916516     1.9369159E-003     0.0000000E+000
      3.942626     1.9375818E-003     0.0000000E+000
      3.968910     1.9376037E-003     0.0000000E+000
      3.995370     1.9376186E-003     0.0000000E+000
      4.022005     1.9414902E-003     0.0000000E+000
      4.048819     1.9495082E-003     0.0000000E+000
      4.075811     1.9728295E-003     0.0000000E+000
      4.102983     1.9854923E-003     0.0000000E+000
      4.130336     2.0132060E-003     0.0000000E+000
      4.157872     2.0354749E-003     0.0000000E+000
      4.185591     2.0628182E-003     0.0000000E+000
      4.213495     2.1132925E-003     0.0000000E+000
      4.241585     2.1562144E-003     0.0000000E+000
      4.269862     2.1652672E-003     0.0000000E+000
      4.298328     2.1735688E-003     0.0000000E+000
      4.326983     2.1713347E-003     0.0000000E+000
      4.355830     2.1733707E-003     0.0000000E+000
      4.384869     2.1762903E-003     0.0000000E+000
      4.414101     2.1470508E-003     0.0000000E+000
      4.443529     2.1627081E-003     0.0000000E+000
      4.473152     2.1156400E-003     0.0000000E+000
      4.502973     2.1312301E-003     0.0000000E+000
      4.532993     2.1338920E-003     0.0000000E+000
      4.563213     2.1288923E-003     0.0000000E+000
      4.593634     2.1240551E-003     0.0000000E+000
      4.624259     2.1686205E-003     0.0000000E+000
      4.655087     2.1931512E-003     0.0000000E+000
      4.686121     2.1875753E-003     0.0000000E+000
      4.717362     2.2167290E-003     0.0000000E+000
      4.748811     2.1523367E-003     0.0000000E+000
      4.780470     2.2168021E-003     0.0000000E+000
      4.812339     2.1792013E-003     0.0000000E+000
      4.844422     2.1936890E-003     0.0000000E+000
      4.876718     2.1944142E-003     0.0000000E+000
      4.909229     2.2010515E-003     0.0000000E+000
      4.941957     2.2366510E-003     0.0000000E+000
      4.974904     2.2120462E-003     0.0000000E+000
      5.008070     2.2632473E-003     0.0000000E+000
      5.041457     2.2158920E-003     0.0000000E+000
      5.075067     2.2391769E-003     0.0000000E+000
      5.108900     2.2417895E-003     0.0000000E+000
      5.142960     2.3098025E-003     0.0000000E+000
      5.177246     2.2515831E-003     0.0000000E+000
      5.211761     2.3083694E-003     0.0000000E+000
      5.246506     2.2611584E-003     0.0000000E+000
      5.281483     2.3296751E-003     0.0000000E+000
      5.316693     2.2570801E-003     0.0000000E+000
      5.352137     2.3246007E-003     0.0000000E+000
      5.387818     2.3057824E-003     0.0000000E+000
      5.423737     2.3886734E-003     0.0000000E+000
      5.459895     2.3216921E-003     0.0000000E+000
      5.496295     2.3135022E-003     0.0000000E+000
      5.532937     2.3713540E-003     0.0000000E+000
      5.569823     2.3918099E-003     0.0000000E+000
      5.606955     2.3465616E-003     0.0000000E+000
      5.644335     2.3249952E-003     0.0000000E+000
      5.681964     2.3562053E-003     0.0000000E+000
      5.719843     2.4046448E-003     0.0000000E+000
      5.757976     2.3412290E-003     0.0000000E+000
      5.796362     2.3388038E-003     0.0000000E+000
      5.835005     2.3800213E-003     0.0000000E+000
      5.873905     2.3870999E-003     0.0000000E+000
      5.913064     2.3313392E-003     0.0000000E+000
      5.952484     2.3707977E-003     0.0000000E+000
      5.992168     2.2859065E-003     0.0000000E+000
      6.032115     2.3521799E-003     0.0000000E+000
      6.072330     2.2695348E-003     0.0000000E+000
      6.112812     2.2610482E-003     0.0000000E+000
      6.153564     2.2751267E-003     0.0000000E+000
      6.194588     2.2248393E-003     0.0000000E+000
      6.235885     2.2281484E-003     0.0000000E+000
      6.277457     2.2068269E-003     0.0000000E+000
      6.319307     2.1985772E-003     0.0000000E+000
      6.361436     2.2331967E-003     0.0000000E+000
      6.403845     2.3070162E-003     0.0000000E+000
      6.446538     2.2965419E-003     0.0000000E+000
      6.489515     2.4278050E-003     0.0000000E+000
      6.532778     2.4021307E-003     0.0000000E+000
      6.576330     2.4924738E-003     0.0000000E+000
      6.620172     2.5480813E-003     0.0000000E+000
      6.664307     2.4451808E-003     0.0000000E+000
      6.708735     2.4230134E-003     0.0000000E+000
      6.753460     2.3904488E-003     0.0000000E+000
      6.798483     2.4450150E-003     0.0000000E+000
      6.843806     2.4767643E-003     0.0000000E+000
      6.889432     2.3907214E-003     0.0000000E+000
      6.935361     2.3787482E-003     0.0000000E+000
      6.981597     2.3424811E-003     0.0000000E+000
      7.028141     2.4029623E-003     0.0000000E+000
      7.074995     2.3947826E-003     0.0000000E+000
      7.122162     2.3721196E-003     0.0000000E+000
      7.169643     2.3337991E-003     0.0000000E+000
      7.217441     2.3639568E-003     0.0000000E+000
      7.265557     2.3575580E-003     0.0000000E+000
      7.313994     2.3500145E-003     0.0000000E+000
      7.362754     2.3587405E-003     0.0000000E+000
      7.411839     2.3222949E-003     0.0000000E+000
      7.461251     2.3570760E-003     0.0000000E+000
      7.510993     2.3174733E-003     0.0000000E+000
      7.561066     2.3317735E-003     0.0000000E+000
      7.611473     2.3737417E-003     0.0000000E+000
      7.662217     2.3113204E-003     0.0000000E+000
      7.713298     2.3372342E-003     0.0000000E+000
      7.764720     2.3434851E-003     0.0000000E+000
      7.816485     2.2955686E-003     0.0000000E+000
      7.868595     2.3881899E-003     0.0000000E+000
      7.921052     2.2996078E-003     0.0000000E+000
      7.973859     2.3166925E-003     0.0000000E+000
      8.027018     2.3117499E-003     0.0000000E+000
      8.080531     2.2816613E-003     0.0000000E+000
      8.134402     2.2744396E-003     0.0000000E+000
      8.188631     2.3050259E-003     0.0000000E+000
      8.243222     2.2624856E-003     0.0000000E+000
      8.298177     2.2534045E-003     0.0000000E+000
      8.353498     2.2970862E-003     0.0000000E+000
      8.409188     2.2054466E-003     0.0000000E+000
      8.465249     2.2143626E-003     0.0000000E+000
      8.521684     2.2282948E-003     0.0000000E+000
      8.578495     2.1946125E-003     0.0000000E+000
      8.635685     2.1619451E-003     0.0000000E+000
      8.693257     2.1852479E-003     0.0000000E+000
      8.751212     2.1747826E-003     0.0000000E+000
      8.809553     2.1876082E-003     0.0000000E+000
      8.868283     2.1321722E-003     0.0000000E+000
      8.927405     2.1446572E-003     0.0000000E+000
      8.986921     2.1452267E-003     0.0000000E+000
      9.046834     2.1374345E-003     0.0000000E+000
      9.107146     2.1128062E-003     0.0000000E+000
      9.167861     2.0966530E-003     0.0000000E+000
      9.228980     2.1065412E-003     0.0000000E+000
      9.290506     2.1111690E-003     0.0000000E+000
      9.352443     2.0795086E-003     0.0000000E+000
      9.414793     2.1223492E-003     0.0000000E+000
      9.477558     2.1020873E-003     0.0000000E+000
      9.540742     2.0475468E-003     0.0000000E+000
      9.604346     2.0936291E-003     0.0000000E+000
      9.668375     2.0759910E-003     0.0000000E+000
      9.732831     2.0591967E-003     0.0000000E+000
      9.797717     2.0637245E-003     0.0000000E+000
      9.863035     2.1033744E-003     0.0000000E+000
      9.928789     2.0680738E-003     0.0000000E+000
      9.994980     2.0519700E-003     0.0000000E+000
     10.061614     2.0678604E-003     0.0000000E+000
     10.128691     2.0219049E-003     0.0000000E+000
     10.196216     2.0213280E-003     0.0000000E+000
     10.264190     2.0514562E-003     0.0000000E+000
     10.332618     2.0771753E-003     0.0000000E+000
     10.401503     2.1228136E-003     0.0000000E+000
     10.470846     2.0677082E-003     0.0000000E+000
     10.540651     2.0452000E-003     0.0000000E+000
     10.610923     2.0779043E-003     0.0000000E+000
     10.681662     2.0225863E-003     0.0000000E+000
     10.752873     2.0557057E-003     0.0000000E+000
     10.824559     2.0239924E-003     0.0000000E+000
     10.896723     2.0654677E-003     0.0000000E+000
     10.969367     2.1352907E-003     0.0000000E+000
     11.042497     2.1173270E-003     0.0000000E+000
     11.116113     2.0343856E-003     0.0000000E+000
     11.190221     2.0736329E-003     0.0000000E+000
     11.264822     2.0588317E-003     0.0000000E+000
     11.339921     2.0845527E-003     0.0000000E+000
     11.415520     2.0284031E-003     0.0000000E+000
     11.491624     2.0410298E-003     0.0000000E+000
     11.568235     2.0862893E-003     0.0000000E+000
     11.645356     2.1038320E-003     0.0000000E+000
     11.722992     2.1757303E-003     0.0000000E+000
     11.801145     2.0912790E-003     0.0000000E+000
     11.879820     2.0995877E-003     0.0000000E+000
     11.959018     2.0681873E-003     0.0000000E+000
     12.038745     2.0844790E-003     0.0000000E+000
     12.119003     2.1069589E-003     0.0000000E+000
     12.199797     2.0434020E-003     0.0000000E+000
     12.281129     2.1383395E-003     0.0000000E+000
     12.363003     2.1245426E-003     0.0000000E+000
     12.445423     2.1529911E-003     0.0000000E+000
     12.528392     2.1640089E-003     0.0000000E+000
     12.611915     2.1542436E-003     0.0000000E+000
     12.695994     2.1029114E-003     0.0000000E+000
     12.780634     2.1408774E-003     0.0000000E+000
     12.865839     2.1234432E-003     0.0000000E+000
     12.951611     2.1143817E-003     0.0000000E+000
     13.037955     2.1329758E-003     0.0000000E+000
     13.124875     2.1242485E-003     0.0000000E+000
     13.212374     2.1614461E-003     0.0000000E+000
     13.300456     2.1964951E-003     0.0000000E+000
     13.389126     2.1282347E-003     0.0000000E+000
     13.478387     2.2197925E-003     0.0000000E+000
     13.568243     2.1780663E-003     0.0000000E+000
     13.658698     2.1719388E-003     0.0000000E+000
     13.749756     2.1678176E-003     0.0000000E+000
     13.841421     2.1859243E-003     0.0000000E+000
     13.933697     2.1385401E-003     0.0000000E+000
     14.026588     2.2001114E-003     0.0000000E+000
     14.120099     2.2129517E-003     0.0000000E+000
     14.214233     2.2175302E-003     0.0000000E+000
     14.308994     2.2045079E-003     0.0000000E+000
     14.404388     2.2069130E-003     0.0000000E+000
     14.500417     2.2628116E-003     0.0000000E+000
     14.597086     2.1870129E-003     0.0000000E+000
     14.694400     2.2099080E-003     0.0000000E+000
     14.792363     2.2141682E-003     0.0000000E+000
     14.890979     2.2752081E-003     0.0000000E+000
     14.990252     2.2310370E-003     0.0000000E+000
     15.090187     2.2219967E-003     0.0000000E+000
     15.190788     2.2169396E-003     0.0000000E+000
     15.292060     2.2150640E-003     0.0000000E+000
     15.394007     2.2472274E-003     0.0000000E+000
     15.496634     2.2213102E-003     0.0000000E+000
     15.599945     2.3026396E-003     0.0000000E+000
     15.703944     2.2348735E-003     0.0000000E+000
     15.808637     2.2418714E-003     0.0000000E+000
     15.914028     2.1667851E-003     0.0000000E+000
     16.020122     2.2866127E-003     0.0000000E+000
     16.126923     2.2529533E-003     0.0000000E+000
     16.234435     2.2899512E-003     0.0000000E+000
     16.342665     2.2348142E-003     0.0000000E+000
     16.451616     2.2857084E-003     0.0000000E+000
     16.561294     2.2653490E-003     0.0000000E+000
     16.671702     2.3079840E-003     0.0000000E+000
     16.782847     2.2155015E-003     0.0000000E+000
     16.894732     2.2561868E-003     0.0000000E+000
     17.007364     2.2094280E-003     0.0000000E+000
     17.120746     2.2755457E-003     0.0000000E+000
     17.234885     2.2969697E-003     0.0000000E+000
     17.349784     2.3442943E-003     0.0000000E+000
     17.465449     2.2746104E-003     0.0000000E+000
     17.581886     2.2912520E-003     0.0000000E+000
     17.699098     2.3088448E-003     0.0000000E+000
     17.817092     2.2552742E-003     0.0000000E+000
     17.935873     2.2684354E-003     0.0000000E+000
     18.055445     2.2553999E-003     0.0000000E+000
     18.175815     2.3017660E-003     0.0000000E+000
     18.296987     2.2528385E-003     0.0000000E+000
     18.418967     2.3007107E-003     0.0000000E+000
     18.541760     2.3829461E-003     0.0000000E+000
     18.665372     2.3458086E-003     0.0000000E+000
     18.789808     2.2498075E-003     0.0000000E+000
     18.915073     2.2666811E-003     0.0000000E+000
     19.041173     2.2591511E-003     0.0000000E+000
     19.168115     2.2747308E-003     0.0000000E+000
     19.295902     2.3532144E-003     0.0000000E+000
     19.424541     2.3854154E-003     0.0000000E+000
     19.554038     2.2768301E-003     0.0000000E+000
     19.684399     2.2855339E-003     0.0000000E+000
     19.815628     2.3151313E-003     0.0000000E+000
     19.947732     2.3297732E-003     0.0000000E+000
     20.080717     2.2450466E-003     0.0000000E+000
     20.214588     2.3354051E-003     0.0000000E+000
     20.349352     2.3651613E-003     0.0000000E+000
     20.485015     2.3396178E-003     0.0000000E+000
     20.621581     2.2790356E-003     0.0000000E+000
     20.759059     2.2979276E-003     0.0000000E+000
     20.897452     2.2584724E-003     0.0000000E+000
     21.036769     2.3754942E-003     0.0000000E+000
     21.177014     2.4093006E-003     0.0000000E+000
     21.318194     2.3502924E-003     0.0000000E+000
     21.460315     2.2393223E-003     0.0000000E+000
     21.603384     2.4028108E-003     0.0000000E+000
     21.747407     2.3337454E-003     0.0000000E+000
     21.892389     2.3815431E-003     0.0000000E+000
     22.038338     2.3422429E-003     0.0000000E+000
     22.185261     2.3629412E-003     0.0000000E+000
     22.333162     2.3758366E-003     0.0000000E+000
     22.482050     2.3376311E-003     0.0000000E+000
     22.631931     2.3490102E-003     0.0000000E+000
     22.782810     2.2480945E-003     0.0000000E+000
     22.934695     2.3960080E-003     0.0000000E+000
     23.087593     2.2546047E-003     0.0000000E+000
     23.241511     2.2656378E-003     0.0000000E+000
     23.396454     2.2691189E-003     0.0000000E+000
     23.552431     2.4323453E-003     0.0000000E+000
     23.709447     2.3442613E-003     0.0000000E+000
     23.867510     2.4759639E-003     0.0000000E+000
     24.026626     2.2988890E-003     0.0000000E+000
     24.186804     2.2470623E-003     0.0000000E+000
     24.348049     2.2913139E-003     0.0000000E+000
     24.510370     2.3433644E-003     0.0000000E+000
     24.673772     2.3308340E-003     0.0000000E+000
     24.838264     2.2749248E-003     0.0000000E+000
     25.003852     2.4531145E-003     0.0000000E+000
     25.170545     2.3894389E-003     0.0000000E+000
     25.338348     2.3866250E-003     0.0000000E+000
     25.507271     2.3416148E-003     0.0000000E+000
     25.677319     2.3304324E-003     0.0000000E+000
     25.848501     2.2653888E-003     0.0000000E+000
     26.020825     2.3954928E-003     0.0000000E+000
     26.194297     2.2849068E-003     0.0000000E+000
     26.368925     2.2599256E-003     0.0000000E+000
     26.544718     2.4397441E-003     0.0000000E+000
     26.721683     2.4925130E-003     0.0000000E+000
     26.899828     2.2591547E-003     0.0000000E+000
     27.079160     2.3478767E-003     0.0000000E+000
     27.259687     2.3626300E-003     0.0000000E+000
     27.441419     2.2198139E-003     0.0000000E+000
     27.624362     2.2427509E-003     0.0000000E+000
     27.808524     2.3004574E-003     0.0000000E+000
     27.993914     2.4242123E-003     0.0000000E+000
     28.180540     2.4128860E-003     0.0000000E+000
     28.368410     2.4762501E-003     0.0000000E+000
     28.557533     2.4388456E-003     0.0000000E+000
     28.747917     2.2884602E-003     0.0000000E+000
     28.939570     2.2751984E-003     0.0000000E+000
     29.132500     2.3187920E-003     0.0000000E+000
     29.326717     2.3289564E-003     0.0000000E+000
     29.522228     2.4102631E-003     0.0000000E+000
     29.719043     2.2753106E-003     0.0000000E+000
     29.917170     2.3251196E-003     0.0000000E+000
     30.116618     2.3756468E-003     0.0000000E+000
     30.317395     2.2575864E-003     0.0000000E+000
     30.519511     2.4682518E-003     0.0000000E+000
     30.722975     2.3619334E-003     0.0000000E+000
     30.927794     2.3837231E-003     0.0000000E+000
     31.133980     2.4657465E-003     0.0000000E+000
     31.341540     2.2444213E-003     0.0000000E+000
     31.550483     2.2634606E-003     0.0000000E+000
     31.760820     2.3338083E-003     0.0000000E+000
     31.972558     2.3565896E-003     0.0000000E+000
     32.185709     2.2921061E-003     0.0000000E+000
     32.400280     2.3429946E-003     0.0000000E+000
     32.616282     2.2529323E-003     0.0000000E+000
     32.833724     2.4078714E-003     0.0000000E+000
     33.052615     2.5489427E-003     0.0000000E+000
     33.272966     2.3986840E-003     0.0000000E+000
     33.494786     2.3612786E-003     0.0000000E+000
     33.718085     2.2847699E-003     0.0000000E+000
     33.942872     2.2387980E-003     0.0000000E+000
     34.169158     2.2982293E-003     0.0000000E+000
     34.396952     2.4337313E-003     0.0000000E+000
     34.626265     2.4143869E-003     0.0000000E+000
     34.857107     2.3729425E-003     0.0000000E+000
     35.089488     2.4645056E-003     0.0000000E+000
     35.323417     2.4040318E-003     0.0000000E+000
     35.558907     2.4091352E-003     0.0000000E+000
     35.795966     2.4292437E-003     0.0000000E+000
     36.034606     2.4252319E-003     0.0000000E+000
     36.274837     2.4100032E-003     0.0000000E+000
     36.516669     2.2626286E-003     0.0000000E+000
     36.760113     2.4083905E-003     0.0000000E+000
     37.005181     2.3264301E-003     0.0000000E+000
     37.251882     2.4297321E-003     0.0000000E+000
     37.500228     2.4290148E-003     0.0000000E+000
     37.750229     2.3771396E-003     0.0000000E+000
     38.001898     2.3870059E-003     0.0000000E+000
     38.255244     2.3629559E-003     0.0000000E+000
     38.510279     2.2592165E-003     0.0000000E+000
     38.767014     2.3153876E-003     0.0000000E+000
     39.025461     2.3531905E-003     0.0000000E+000
     39.285630     2.4569565E-003     0.0000000E+000
     39.547535     2.3029124E-003     0.0000000E+000
     39.811185     2.3308760E-003     0.0000000E+000
     40.076593     2.5138977E-003     0.0000000E+000
     40.343770     2.5223165E-003     0.0000000E+000
     40.612728     2.5459673E-003     0.0000000E+000
     40.883480     2.5000795E-003     0.0000000E+000
     41.156036     2.3536671E-003     0.0000000E+000
     41.430410     2.3699504E-003     0.0000000E+000
     41.706613     2.2978453E-003     0.0000000E+000
     41.984657     2.3316741E-003     0.0000000E+000
     42.264555     2.3406746E-003     0.0000000E+000
     42.546318     2.4012152E-003     0.0000000E+000
     42.829960     2.3502941E-003     0.0000000E+000
     43.115493     2.5824095E-003     0.0000000E+000
     43.402930     2.4220485E-003     0.0000000E+000
     43.692283     2.4382496E-003     0.0000000E+000
     43.983565     2.5263499E-003     0.0000000E+000
     44.276789     2.3670413E-003     0.0000000E+000
     44.571967     2.3795263E-003     0.0000000E+000
     44.869114     2.4279698E-003     0.0000000E+000
     45.168241     2.4214987E-003     0.0000000E+000
     45.469363     2.3985073E-003     0.0000000E+000
     45.772492     2.3668401E-003     0.0000000E+000
     46.077642     2.4283974E-003     0.0000000E+000
     46.384826     2.3804072E-003     0.0000000E+000
     46.694058     2.4146123E-003     0.0000000E+000
     47.005352     2.4844431E-003     0.0000000E+000
     47.318721     2.4322978E-003     0.0000000E+000
     47.634179     2.3676886E-003     0.0000000E+000
     47.951740     2.4206491E-003     0.0000000E+000
     48.271418     2.2987865E-003     0.0000000E+000
     48.593228     2.4812613E-003     0.0000000E+000
     48.917183     2.3381581E-003     0.0000000E+000
     49.243297     2.4834490E-003     0.0000000E+000
     49.571586     2.3632958E-003     0.0000000E+000
     49.902063     1.7805292E-003     0.0000000E+000
