
      0.100000     1.3884191E-003     0.0000000E+000
      0.100667     1.3883703E-003     0.0000000E+000
      0.101338     1.3921125E-003     0.0000000E+000
      0.102013     1.4034049E-003     0.0000000E+000
      0.102693     1.4284899E-003     0.0000000E+000
      0.103378     1.4759887E-003     0.0000000E+000
      0.104067     1.5542559E-003     0.0000000E+000
      0.104761     1.6668978E-003     0.0000000E+000
      0.105459     1.8047729E-003     0.0000000E+000
      0.106163     1.9470218E-003     0.0000000E+000
      0.106870     2.0700204E-003     0.0000000E+000
      0.107583     2.1623430E-003     0.0000000E+000
      0.108300     2.2263902E-003     0.0000000E+000
      0.109022     2.2706806E-003     0.0000000E+000
      0.109749     2.3024185E-003     0.0000000E+000
      0.110480     2.3255835E-003     0.0000000E+000
      0.111217     2.3419191E-003     0.0000000E+000
      0.111958     2.3521231E-003     0.0000000E+000
      0.112705     2.3564873E-003     0.0000000E+000
      0.113456     2.3551687E-003     0.0000000E+000
      0.114213     2.3482706E-003     0.0000000E+000
      0.114974     2.3358232E-003     0.0000000E+000
      0.115740     2.3176539E-003     0.0000000E+000
      0.116512     2.2930661E-003     0.0000000E+000
      0.117289     2.2602358E-003     0.0000000E+000
      0.118071     2.2155124E-003     0.0000000E+000
      0.118858     2.1535995E-003     0.0000000E+000
      0.119650     2.0701796E-003     0.0000000E+000
      0.120448     1.9674306E-003     0.0000000E+000
      0.121251     1.8580792E-003     0.0000000E+000
      0.122059     1.7625993E-003     0.0000000E+000
      0.122873     1.6995860E-003     0.0000000E+000
      0.123692     1.6782217E-003     0.0000000E+000
      0.124517     1.6962429E-003     0.0000000E+000
      0.125347     1.7432154E-003     0.0000000E+000
      0.126182     1.8056676E-003     0.0000000E+000
      0.127024     1.8712738E-003     0.0000000E+000
      0.127871     1.9312037E-003     0.0000000E+000
      0.128723     1.9807150E-003     0.0000000E+000
      0.129581     2.0181735E-003     0.0000000E+000
      0.130445     2.0437533E-003     0.0000000E+000
      0.131315     2.0583775E-003     0.0000000E+000
      0.132190     2.0631161E-003     0.0000000E+000
      0.133071     2.0589557E-003     0.0000000E+000
      0.133959     2.0468441E-003     0.0000000E+000
      0.134852     2.0278950E-003     0.0000000E+000
      0.135751     2.0036057E-003     0.0000000E+000
      0.136656     1.9759886E-003     0.0000000E+000
      0.137567     1.9474643E-003     0.0000000E+000
      0.138484     1.9205342E-003     0.0000000E+000
      0.139407     1.8972716E-003     0.0000000E+000
      0.140336     1.8789042E-003     0.0000000E+000
      0.141272     1.8656750E-003     0.0000000E+000
      0.142214     1.8570427E-003     0.0000000E+000
      0.143162     1.8519104E-003     0.0000000E+000
      0.144116     1.8490592E-003     0.0000000E+000
      0.145077     1.8473682E-003     0.0000000E+000
      0.146044     1.8459314E-003     0.0000000E+000
      0.147018     1.8440834E-003     0.0000000E+000
      0.147998     1.8413814E-003     0.0000000E+000
      0.148985     1.8375298E-003     0.0000000E+000
      0.149978     1.8323596E-003     0.0000000E+000
      0.150978     1.8257834E-003     0.0000000E+000
      0.151984     1.8177663E-003     0.0000000E+000
      0.152997     1.8083071E-003     0.0000000E+000
      0.154017     1.7974271E-003     0.0000000E+000
      0.155044     1.7851856E-003     0.0000000E+000
      0.156078     1.7717632E-003     0.0000000E+000
      0.157118     1.7570802E-003     0.0000000E+000
      0.158166     1.7412102E-003     0.0000000E+000
      0.159220     1.7242378E-003     0.0000000E+000
      0.160282     1.7062585E-003     0.0000000E+000
      0.161350     1.6873786E-003     0.0000000E+000
      0.162426     1.6677142E-003     0.0000000E+000
      0.163509     1.6473910E-003     0.0000000E+000
      0.164599     1.6265446E-003     0.0000000E+000
      0.165696     1.6053183E-003     0.0000000E+000
      0.166801     1.5838480E-003     0.0000000E+000
      0.167913     1.5622775E-003     0.0000000E+000
      0.169032     1.5407490E-003     0.0000000E+000
      0.170159     1.5194009E-003     0.0000000E+000
      0.171293     1.4985661E-003     0.0000000E+000
      0.172435     1.4781974E-003     0.0000000E+000
      0.173585     1.4583807E-003     0.0000000E+000
      0.174742     1.4392150E-003     0.0000000E+000
      0.175907     1.4207856E-003     0.0000000E+000
      0.177080     1.4031635E-003     0.0000000E+000
      0.178260     1.3864048E-003     0.0000000E+000
      0.179449     1.3705511E-003     0.0000000E+000
      0.180645     1.3556296E-003     0.0000000E+000
      0.181849     1.3416542E-003     0.0000000E+000
      0.183062     1.3286266E-003     0.0000000E+000
      0.184282     1.3165375E-003     0.0000000E+000
      0.185511     1.3053678E-003     0.0000000E+000
      0.186747     1.2950905E-003     0.0000000E+000
      0.187992     1.2857104E-003     0.0000000E+000
      0.189246     1.2772752E-003     0.0000000E+000
      0.190507     1.2696131E-003     0.0000000E+000
      0.191777     1.2626782E-003     0.0000000E+000
      0.193056     1.2564231E-003     0.0000000E+000
      0.194343     1.2507998E-003     0.0000000E+000
      0.195639     1.2457605E-003     0.0000000E+000
      0.196943     1.2412583E-003     0.0000000E+000
      0.198256     1.2372478E-003     0.0000000E+000
      0.199577     1.2336854E-003     0.0000000E+000
      0.200908     1.2305297E-003     0.0000000E+000
      0.202247     1.2277418E-003     0.0000000E+000
      0.203596     1.2252907E-003     0.0000000E+000
      0.204953     1.2231368E-003     0.0000000E+000
      0.206319     1.2212484E-003     0.0000000E+000
      0.207695     1.2195992E-003     0.0000000E+000
      0.209079     1.2182328E-003     0.0000000E+000
      0.210473     1.2170518E-003     0.0000000E+000
      0.211876     1.2160349E-003     0.0000000E+000
      0.213289     1.2151628E-003     0.0000000E+000
      0.214711     1.2144183E-003     0.0000000E+000
      0.216142     1.2137860E-003     0.0000000E+000
      0.217583     1.2132544E-003     0.0000000E+000
      0.219034     1.2128095E-003     0.0000000E+000
      0.220494     1.2124395E-003     0.0000000E+000
      0.221964     1.2121350E-003     0.0000000E+000
      0.223444     1.2118877E-003     0.0000000E+000
      0.224933     1.2116901E-003     0.0000000E+000
      0.226433     1.2115360E-003     0.0000000E+000
      0.227943     1.2114196E-003     0.0000000E+000
      0.229462     1.2113359E-003     0.0000000E+000
      0.230992     1.2112961E-003     0.0000000E+000
      0.232532     1.2112979E-003     0.0000000E+000
      0.234082     1.2113202E-003     0.0000000E+000
      0.235643     1.2113603E-003     0.0000000E+000
      0.237214     1.2114156E-003     0.0000000E+000
      0.238795     1.2114843E-003     0.0000000E+000
      0.240387     1.2115644E-003     0.0000000E+000
      0.241990     1.2116545E-003     0.0000000E+000
      0.243603     1.2117533E-003     0.0000000E+000
      0.245227     1.2118601E-003     0.0000000E+000
      0.246862     1.2119734E-003     0.0000000E+000
      0.248507     1.2120924E-003     0.0000000E+000
      0.250164     1.2122161E-003     0.0000000E+000
      0.251832     1.2123441E-003     0.0000000E+000
      0.253511     1.2124759E-003     0.0000000E+000
      0.255201     1.2126109E-003     0.0000000E+000
      0.256902     1.2127554E-003     0.0000000E+000
      0.258615     1.2129083E-003     0.0000000E+000
      0.260339     1.2130634E-003     0.0000000E+000
      0.262075     1.2132201E-003     0.0000000E+000
      0.263822     1.2133783E-003     0.0000000E+000
      0.265580     1.2135378E-003     0.0000000E+000
      0.267351     1.2136985E-003     0.0000000E+000
      0.269133     1.2138603E-003     0.0000000E+000
      0.270928     1.2140230E-003     0.0000000E+000
      0.272734     1.2141867E-003     0.0000000E+000
      0.274552     1.2143512E-003     0.0000000E+000
      0.276382     1.2145164E-003     0.0000000E+000
      0.278225     1.2146823E-003     0.0000000E+000
      0.280080     1.2148487E-003     0.0000000E+000
      0.281947     1.2150157E-003     0.0000000E+000
      0.283827     1.2151833E-003     0.0000000E+000
      0.285719     1.2153526E-003     0.0000000E+000
      0.287624     1.2155260E-003     0.0000000E+000
      0.289541     1.2156996E-003     0.0000000E+000
      0.291471     1.2158736E-003     0.0000000E+000
      0.293414     1.2160478E-003     0.0000000E+000
      0.295371     1.2162223E-003     0.0000000E+000
      0.297340     1.2163971E-003     0.0000000E+000
      0.299322     1.2165721E-003     0.0000000E+000
      0.301317     1.2182875E-003     0.0000000E+000
      0.303326     1.2188303E-003     0.0000000E+000
      0.305348     1.2191611E-003     0.0000000E+000
      0.307384     1.2205374E-003     0.0000000E+000
      0.309433     1.2208463E-003     0.0000000E+000
      0.311496     1.2209957E-003     0.0000000E+000
      0.313573     1.2242059E-003     0.0000000E+000
      0.315663     1.2241588E-003     0.0000000E+000
      0.317768     1.2226559E-003     0.0000000E+000
      0.319886     1.2213550E-003     0.0000000E+000
      0.322019     1.2216240E-003     0.0000000E+000
      0.324166     1.2210561E-003     0.0000000E+000
      0.326327     1.2229639E-003     0.0000000E+000
      0.328502     1.2230544E-003     0.0000000E+000
      0.330692     1.2265312E-003     0.0000000E+000
      0.332897     1.2279753E-003     0.0000000E+000
      0.335116     1.2363673E-003     0.0000000E+000
      0.337350     1.2376647E-003     0.0000000E+000
      0.339599     1.2316564E-003     0.0000000E+000
      0.341863     1.2291503E-003     0.0000000E+000
      0.344142     1.2270803E-003     0.0000000E+000
      0.346437     1.2262598E-003     0.0000000E+000
      0.348746     1.2279852E-003     0.0000000E+000
      0.351071     1.2255430E-003     0.0000000E+000
      0.353412     1.2279263E-003     0.0000000E+000
      0.355768     1.2302238E-003     0.0000000E+000
      0.358139     1.2350100E-003     0.0000000E+000
      0.360527     1.2443935E-003     0.0000000E+000
      0.362931     1.2741935E-003     0.0000000E+000
      0.365350     1.2706518E-003     0.0000000E+000
      0.367786     1.2561250E-003     0.0000000E+000
      0.370238     1.2424192E-003     0.0000000E+000
      0.372706     1.2382934E-003     0.0000000E+000
      0.375191     1.2374408E-003     0.0000000E+000
      0.377692     1.2452639E-003     0.0000000E+000
      0.380210     1.2427574E-003     0.0000000E+000
      0.382745     1.2429063E-003     0.0000000E+000
      0.385296     1.2377505E-003     0.0000000E+000
      0.387865     1.2346838E-003     0.0000000E+000
      0.390451     1.2374287E-003     0.0000000E+000
      0.393054     1.2529761E-003     0.0000000E+000
      0.395674     1.2965740E-003     0.0000000E+000
      0.398312     1.3453534E-003     0.0000000E+000
      0.400967     1.3402206E-003     0.0000000E+000
      0.403640     1.3118776E-003     0.0000000E+000
      0.406331     1.2799856E-003     0.0000000E+000
      0.409040     1.2556715E-003     0.0000000E+000
      0.411767     1.2471702E-003     0.0000000E+000
      0.414512     1.2633591E-003     0.0000000E+000
      0.417276     1.3008559E-003     0.0000000E+000
      0.420057     1.2962836E-003     0.0000000E+000
      0.422858     1.2868898E-003     0.0000000E+000
      0.425677     1.2838697E-003     0.0000000E+000
      0.428515     1.2678331E-003     0.0000000E+000
      0.431371     1.2584248E-003     0.0000000E+000
      0.434247     1.2528775E-003     0.0000000E+000
      0.437142     1.2780143E-003     0.0000000E+000
      0.440057     1.3637034E-003     0.0000000E+000
      0.442990     1.4402791E-003     0.0000000E+000
      0.445944     1.4375795E-003     0.0000000E+000
      0.448916     1.4205602E-003     0.0000000E+000
      0.451909     1.3825823E-003     0.0000000E+000
      0.454922     1.3399411E-003     0.0000000E+000
      0.457955     1.3024552E-003     0.0000000E+000
      0.461008     1.2812675E-003     0.0000000E+000
      0.464081     1.2933708E-003     0.0000000E+000
      0.467175     1.3519768E-003     0.0000000E+000
      0.470290     1.4005923E-003     0.0000000E+000
      0.473425     1.3963808E-003     0.0000000E+000
      0.476581     1.3829707E-003     0.0000000E+000
      0.479758     1.3548188E-003     0.0000000E+000
      0.482957     1.3384549E-003     0.0000000E+000
      0.486176     1.3847448E-003     0.0000000E+000
      0.489417     1.3606937E-003     0.0000000E+000
      0.492680     1.3675811E-003     0.0000000E+000
      0.495965     1.3660495E-003     0.0000000E+000
      0.499271     1.4414228E-003     0.0000000E+000
      0.502600     1.5410471E-003     0.0000000E+000
      0.505950     1.5407091E-003     0.0000000E+000
      0.509323     1.5409858E-003     0.0000000E+000
      0.512719     1.5239740E-003     0.0000000E+000
      0.516137     1.4825185E-003     0.0000000E+000
      0.519578     1.4315405E-003     0.0000000E+000
      0.523042     1.4012187E-003     0.0000000E+000
      0.526529     1.3883797E-003     0.0000000E+000
      0.530039     1.3957422E-003     0.0000000E+000
      0.533572     1.3954931E-003     0.0000000E+000
      0.537130     1.4380910E-003     0.0000000E+000
      0.540711     1.5199102E-003     0.0000000E+000
      0.544315     1.5164389E-003     0.0000000E+000
      0.547944     1.5165811E-003     0.0000000E+000
      0.551597     1.4997670E-003     0.0000000E+000
      0.555274     1.4660034E-003     0.0000000E+000
      0.558976     1.4327687E-003     0.0000000E+000
      0.562703     1.4170443E-003     0.0000000E+000
      0.566454     1.4655926E-003     0.0000000E+000
      0.570230     1.5391587E-003     0.0000000E+000
      0.574032     1.5294419E-003     0.0000000E+000
      0.577859     1.5324211E-003     0.0000000E+000
      0.581711     1.5565966E-003     0.0000000E+000
      0.585589     1.5848971E-003     0.0000000E+000
      0.589493     1.7050418E-003     0.0000000E+000
      0.593423     1.6627407E-003     0.0000000E+000
      0.597379     1.6626826E-003     0.0000000E+000
      0.601362     1.6503402E-003     0.0000000E+000
      0.605371     1.6127969E-003     0.0000000E+000
      0.609407     1.5679287E-003     0.0000000E+000
      0.613469     1.5197209E-003     0.0000000E+000
      0.617559     1.4893653E-003     0.0000000E+000
      0.621676     1.4810731E-003     0.0000000E+000
      0.625821     1.5394467E-003     0.0000000E+000
      0.629993     1.5191068E-003     0.0000000E+000
      0.634193     1.5389429E-003     0.0000000E+000
      0.638421     1.5612457E-003     0.0000000E+000
      0.642677     1.5913109E-003     0.0000000E+000
      0.646961     1.6753603E-003     0.0000000E+000
      0.651275     1.6433242E-003     0.0000000E+000
      0.655616     1.6440369E-003     0.0000000E+000
      0.659987     1.6299434E-003     0.0000000E+000
      0.664387     1.6095796E-003     0.0000000E+000
      0.668816     1.5759196E-003     0.0000000E+000
      0.673275     1.5401032E-003     0.0000000E+000
      0.677764     1.5254432E-003     0.0000000E+000
      0.682282     1.5336398E-003     0.0000000E+000
      0.686831     1.5342174E-003     0.0000000E+000
      0.691409     1.6792074E-003     0.0000000E+000
      0.696019     1.6832371E-003     0.0000000E+000
      0.700659     1.6919230E-003     0.0000000E+000
      0.705330     1.7042307E-003     0.0000000E+000
      0.710032     1.7219795E-003     0.0000000E+000
      0.714766     1.7895156E-003     0.0000000E+000
      0.719531     1.8457576E-003     0.0000000E+000
      0.724328     1.8149086E-003     0.0000000E+000
      0.729157     1.8088234E-003     0.0000000E+000
      0.734018     1.7953358E-003     0.0000000E+000
      0.738911     1.7831001E-003     0.0000000E+000
      0.743837     1.7544189E-003     0.0000000E+000
      0.748796     1.7256089E-003     0.0000000E+000
      0.753788     1.6972071E-003     0.0000000E+000
      0.758813     1.6706095E-003     0.0000000E+000
      0.763872     1.6483961E-003     0.0000000E+000
      0.768964     1.6380626E-003     0.0000000E+000
      0.774091     1.6317389E-003     0.0000000E+000
      0.779252     1.6498177E-003     0.0000000E+000
      0.784447     1.6814795E-003     0.0000000E+000
      0.789676     1.6842802E-003     0.0000000E+000
      0.794941     1.6913009E-003     0.0000000E+000
      0.800240     1.7280390E-003     0.0000000E+000
      0.805575     1.7482209E-003     0.0000000E+000
      0.810946     1.8406232E-003     0.0000000E+000
      0.816352     1.8365502E-003     0.0000000E+000
      0.821794     1.8308509E-003     0.0000000E+000
      0.827273     1.8111961E-003     0.0000000E+000
      0.832788     1.8161427E-003     0.0000000E+000
      0.838340     1.8042062E-003     0.0000000E+000
      0.843929     1.7826361E-003     0.0000000E+000
      0.849555     1.7598508E-003     0.0000000E+000
      0.855219     1.7306393E-003     0.0000000E+000
      0.860920     1.7037253E-003     0.0000000E+000
      0.866660     1.6839914E-003     0.0000000E+000
      0.872438     1.6805035E-003     0.0000000E+000
      0.878254     1.6719225E-003     0.0000000E+000
      0.884109     1.6788747E-003     0.0000000E+000
      0.890003     1.7857078E-003     0.0000000E+000
      0.895936     1.8488057E-003     0.0000000E+000
      0.901909     1.8383339E-003     0.0000000E+000
      0.907922     1.8229804E-003     0.0000000E+000
      0.913975     1.8790015E-003     0.0000000E+000
      0.920068     1.8832117E-003     0.0000000E+000
      0.926202     1.9797562E-003     0.0000000E+000
      0.932376     2.0641646E-003     0.0000000E+000
      0.938592     2.0508212E-003     0.0000000E+000
      0.944849     2.0192658E-003     0.0000000E+000
      0.951148     2.0201946E-003     0.0000000E+000
      0.957489     2.0366777E-003     0.0000000E+000
      0.963873     2.0170632E-003     0.0000000E+000
      0.970299     1.9881709E-003     0.0000000E+000
      0.976767     1.9804459E-003     0.0000000E+000
      0.983279     1.9641860E-003     0.0000000E+000
      0.989834     1.9330710E-003     0.0000000E+000
      0.996433     1.9070519E-003     0.0000000E+000
      1.003076     1.8764828E-003     0.0000000E+000
      1.009763     1.8359890E-003     0.0000000E+000
      1.016495     1.8015504E-003     0.0000000E+000
      1.023272     1.7727355E-003     0.0000000E+000
      1.030093     1.7526042E-003     0.0000000E+000
      1.036961     1.7310007E-003     0.0000000E+000
      1.043874     1.7328330E-003     0.0000000E+000
      1.050833     1.7384395E-003     0.0000000E+000
      1.057838     1.7423873E-003     0.0000000E+000
      1.064891     1.7540078E-003     0.0000000E+000
      1.071990     1.7664284E-003     0.0000000E+000
      1.079137     1.7836988E-003     0.0000000E+000
      1.086331     1.8208033E-003     0.0000000E+000
      1.093573     1.9352441E-003     0.0000000E+000
      1.100863     1.9923283E-003     0.0000000E+000
      1.108203     2.0207983E-003     0.0000000E+000
      1.115591     2.0666426E-003     0.0000000E+000
      1.123028     2.0649875E-003     0.0000000E+000
      1.130515     2.0739496E-003     0.0000000E+000
      1.138051     2.0710315E-003     0.0000000E+000
      1.145638     2.0609038E-003     0.0000000E+000
      1.153276     2.0606076E-003     0.0000000E+000
      1.160965     2.0561385E-003     0.0000000E+000
      1.168704     2.0537081E-003     0.0000000E+000
      1.176496     2.0423542E-003     0.0000000E+000
      1.184339     2.0113137E-003     0.0000000E+000
      1.192235     1.9747314E-003     0.0000000E+000
      1.200183     1.9412450E-003     0.0000000E+000
      1.208184     1.9195195E-003     0.0000000E+000
      1.216239     1.8946422E-003     0.0000000E+000
      1.224347     1.8795181E-003     0.0000000E+000
      1.232509     1.8555607E-003     0.0000000E+000
      1.240726     1.8385508E-003     0.0000000E+000
      1.248997     1.8159283E-003     0.0000000E+000
      1.257324     1.8083396E-003     0.0000000E+000
      1.265706     1.8160613E-003     0.0000000E+000
      1.274144     1.8326238E-003     0.0000000E+000
      1.282639     1.8583115E-003     0.0000000E+000
      1.291189     1.8862191E-003     0.0000000E+000
      1.299797     1.9010063E-003     0.0000000E+000
      1.308463     1.9115593E-003     0.0000000E+000
      1.317186     1.9441224E-003     0.0000000E+000
      1.325967     1.9895425E-003     0.0000000E+000
      1.334807     2.1643046E-003     0.0000000E+000
      1.343706     2.2323105E-003     0.0000000E+000
      1.352664     2.2899180E-003     0.0000000E+000
      1.361681     2.3101126E-003     0.0000000E+000
      1.370759     2.3074596E-003     0.0000000E+000
      1.379898     2.2903989E-003     0.0000000E+000
      1.389097     2.2790637E-003     0.0000000E+000
      1.398358     2.2951675E-003     0.0000000E+000
      1.407680     2.3179270E-003     0.0000000E+000
      1.417064     2.3301647E-003     0.0000000E+000
      1.426512     2.3301138E-003     0.0000000E+000
      1.436022     2.3234468E-003     0.0000000E+000
      1.445595     2.2944957E-003     0.0000000E+000
      1.455232     2.2355966E-003     0.0000000E+000
      1.464934     2.2435141E-003     0.0000000E+000
      1.474700     2.2146169E-003     0.0000000E+000
      1.484532     2.2047043E-003     0.0000000E+000
      1.494428     2.1787189E-003     0.0000000E+000
      1.504391     2.1585755E-003     0.0000000E+000
      1.514421     2.1213409E-003     0.0000000E+000
      1.524517     2.0922910E-003     0.0000000E+000
      1.534680     2.0615452E-003     0.0000000E+000
      1.544911     2.0233770E-003     0.0000000E+000
      1.555211     1.9915526E-003     0.0000000E+000
      1.565579     1.9526037E-003     0.0000000E+000
      1.576016     1.9284594E-003     0.0000000E+000
      1.586523     1.9009064E-003     0.0000000E+000
      1.597100     1.8848529E-003     0.0000000E+000
      1.607747     1.8873913E-003     0.0000000E+000
      1.618465     1.8968296E-003     0.0000000E+000
      1.629255     1.9036743E-003     0.0000000E+000
      1.640117     1.8976153E-003     0.0000000E+000
      1.651051     1.9013032E-003     0.0000000E+000
      1.662058     1.9188258E-003     0.0000000E+000
      1.673138     1.9313203E-003     0.0000000E+000
      1.684292     1.9130422E-003     0.0000000E+000
      1.695521     1.9347038E-003     0.0000000E+000
      1.706825     1.9415491E-003     0.0000000E+000
      1.718203     1.9843922E-003     0.0000000E+000
      1.729658     2.0180241E-003     0.0000000E+000
      1.741189     2.0414465E-003     0.0000000E+000
      1.752797     2.0666671E-003     0.0000000E+000
      1.764482     2.1001884E-003     0.0000000E+000
      1.776246     2.1413610E-003     0.0000000E+000
      1.788087     2.1755524E-003     0.0000000E+000
      1.800008     2.1998628E-003     0.0000000E+000
      1.812008     2.2200195E-003     0.0000000E+000
      1.824088     2.2357682E-003     0.0000000E+000
      1.836248     2.2461349E-003     0.0000000E+000
      1.848490     2.2732090E-003     0.0000000E+000
      1.860813     2.3163438E-003     0.0000000E+000
      1.873219     2.2831260E-003     0.0000000E+000
      1.885707     2.2310892E-003     0.0000000E+000
      1.898278     2.2131555E-003     0.0000000E+000
      1.910934     2.2008918E-003     0.0000000E+000
      1.923673     2.2079640E-003     0.0000000E+000
      1.936498     2.2526606E-003     0.0000000E+000
      1.949408     2.2546319E-003     0.0000000E+000
      1.962404     2.2436100E-003     0.0000000E+000
      1.975486     2.2343797E-003     0.0000000E+000
      1.988656     2.2203446E-003     0.0000000E+000
      2.001914     2.1966054E-003     0.0000000E+000
      2.015260     2.1702866E-003     0.0000000E+000
      2.028695     2.1358717E-003     0.0000000E+000
      2.042220     2.0944226E-003     0.0000000E+000
      2.055834     2.0709488E-003     0.0000000E+000
      2.069540     2.0438278E-003     0.0000000E+000
      2.083337     2.0173518E-003     0.0000000E+000
      2.097226     2.0028737E-003     0.0000000E+000
      2.111207     1.9869376E-003     0.0000000E+000
      2.125282     1.9791744E-003     0.0000000E+000
      2.139451     1.9693368E-003     0.0000000E+000
      2.153714     1.9737677E-003     0.0000000E+000
      2.168072     1.9724372E-003     0.0000000E+000
      2.182526     1.9813944E-003     0.0000000E+000
      2.197076     2.0011519E-003     0.0000000E+000
      2.211723     2.0053371E-003     0.0000000E+000
      2.226468     2.0128465E-003     0.0000000E+000
      2.241311     2.0236546E-003     0.0000000E+000
      2.256253     2.0215282E-003     0.0000000E+000
      2.271295     2.0344805E-003     0.0000000E+000
      2.286437     2.0403736E-003     0.0000000E+000
      2.301679     2.0344320E-003     0.0000000E+000
      2.317024     2.0500572E-003     0.0000000E+000
      2.332471     2.0501918E-003     0.0000000E+000
      2.348021     2.0762861E-003     0.0000000E+000
      2.363674     2.0800372E-003     0.0000000E+000
      2.379432     2.1050217E-003     0.0000000E+000
      2.395295     2.0852661E-003     0.0000000E+000
      2.411263     2.1276394E-003     0.0000000E+000
      2.427339     2.1489509E-003     0.0000000E+000
      2.443521     2.1870821E-003     0.0000000E+000
      2.459811     2.2161110E-003     0.0000000E+000
      2.476210     2.2618166E-003     0.0000000E+000
      2.492718     2.2832974E-003     0.0000000E+000
      2.509336     2.3518120E-003     0.0000000E+000
      2.526065     2.3564522E-003     0.0000000E+000
      2.542905     2.3897880E-003     0.0000000E+000
      2.559858     2.4177225E-003     0.0000000E+000
      2.576924     2.3904023E-003     0.0000000E+000
      2.594103     2.3882380E-003     0.0000000E+000
      2.611397     2.3622966E-003     0.0000000E+000
      2.628806     2.3643893E-003     0.0000000E+000
      2.646332     2.3599705E-003     0.0000000E+000
      2.663974     2.3867419E-003     0.0000000E+000
      2.681734     2.4289703E-003     0.0000000E+000
      2.699612     2.4601198E-003     0.0000000E+000
      2.717610     2.4540612E-003     0.0000000E+000
      2.735727     2.4112773E-003     0.0000000E+000
      2.753965     2.3889590E-003     0.0000000E+000
      2.772325     2.4396836E-003     0.0000000E+000
      2.790807     2.4148352E-003     0.0000000E+000
      2.809412     2.4589048E-003     0.0000000E+000
      2.828142     2.4357107E-003     0.0000000E+000
      2.846996     2.4527413E-003     0.0000000E+000
      2.865976     2.4042032E-003     0.0000000E+000
      2.885083     2.4167400E-003     0.0000000E+000
      2.904316     2.4438614E-003     0.0000000E+000
      2.923679     2.4151676E-003     0.0000000E+000
      2.943170     2.3895104E-003     0.0000000E+000
      2.962791     2.4003171E-003     0.0000000E+000
      2.982543     2.3617760E-003     0.0000000E+000
      3.002426     2.3638098E-003     0.0000000E+000
      3.022443     2.3197726E-003     0.0000000E+000
      3.042592     2.3358729E-003     0.0000000E+000
      3.062876     2.2930817E-003     0.0000000E+000
      3.083295     2.2650940E-003     0.0000000E+000
      3.103851     2.2728862E-003     0.0000000E+000
      3.124543     2.2411119E-003     0.0000000E+000
      3.145373     2.2535028E-003     0.0000000E+000
      3.166342     2.2335223E-003     0.0000000E+000
      3.187451     2.2197572E-003     0.0000000E+000
      3.208701     2.2344390E-003     0.0000000E+000
      3.230092     2.2034411E-003     0.0000000E+000
      3.251626     2.1707923E-003     0.0000000E+000
      3.273304     2.1704976E-003     0.0000000E+000
      3.295126     2.1747404E-003     0.0000000E+000
      3.317093     2.2082250E-003     0.0000000E+000
      3.339207     2.1981057E-003     0.0000000E+000
      3.361469     2.1748850E-003     0.0000000E+000
      3.383879     2.1699544E-003     0.0000000E+000
      3.406438     2.1693873E-003     0.0000000E+000
      3.429147     2.1599741E-003     0.0000000E+000
      3.452008     2.1486271E-003     0.0000000E+000
      3.475022     2.1356950E-003     0.0000000E+000
      3.498188     2.1299361E-003     0.0000000E+000
      3.521510     2.1112175E-003     0.0000000E+000
      3.544986     2.1005582E-003     0.0000000E+000
      3.568620     2.0805999E-003     0.0000000E+000
      3.592411     2.0688644E-003     0.0000000E+000
      3.616360     2.0500807E-003     0.0000000E+000
      3.640469     2.0301816E-003     0.0000000E+000
      3.664739     2.0199297E-003     0.0000000E+000
      3.689170     2.0068532E-003     0.0000000E+000
      3.713765     1.9869512E-003     0.0000000E+000
      3.738523     1.9882282E-003     0.0000000E+000
      3.763447     1.9772267E-003     0.0000000E+000
      3.788536     1.9609995E-003     0.0000000E+000
      3.813793     1.9606838E-003     0.0000000E+000
      3.839219     1.9522771E-003     0.0000000E+000
      3.864813     1.9344076E-003     0.0000000E+000
      3.890579     1.9401499E-003     0.0000000E+000
      3.916516     1.9272500E-003     0.0000000E+000
      3.942626     1.9286614E-003     0.0000000E+000
      3.968910     1.9290680E-003     0.0000000E+000
      3.995370     1.9298572E-003     0.0000000E+000
      4.022005     1.9346364E-003     0.0000000E+000
      4.048819     1.9437710E-003     0.0000000E+000
      4.075811     1.9686498E-003     0.0000000E+000
      4.102983     1.9819377E-003     0.0000000E+000
      4.130336     2.0107673E-003     0.0000000E+000
      4.157872     2.0335748E-003     0.0000000E+000
      4.185591     2.0589398E-003     0.0000000E+000
      4.213495     2.1068007E-003     0.0000000E+000
      4.241585     2.1475740E-003     0.0000000E+000
      4.269862     2.1544193E-003     0.0000000E+000
      4.298328     2.1622838E-003     0.0000000E+000
      4.326983     2.1605644E-003     0.0000000E+000
      4.355830     2.1637233E-003     0.0000000E+000
      4.384869     2.1676138E-003     0.0000000E+000
      4.414101     2.1388008E-003     0.0000000E+000
      4.443529     2.1565922E-003     0.0000000E+000
      4.473152     2.1103029E-003     0.0000000E+000
      4.502973     2.1276002E-003     0.0000000E+000
      4.532993     2.1304141E-003     0.0000000E+000
      4.563213     2.1242967E-003     0.0000000E+000
      4.593634     2.1181092E-003     0.0000000E+000
      4.624259     2.1635326E-003     0.0000000E+000
      4.655087     2.1882227E-003     0.0000000E+000
      4.686121     2.1828042E-003     0.0000000E+000
      4.717362     2.2127001E-003     0.0000000E+000
      4.748811     2.1482613E-003     0.0000000E+000
      4.780470     2.2148606E-003     0.0000000E+000
      4.812339     2.1759979E-003     0.0000000E+000
      4.844422     2.1902893E-003     0.0000000E+000
      4.876718     2.1907833E-003     0.0000000E+000
      4.909229     2.1978295E-003     0.0000000E+000
      4.941957     2.2339567E-003     0.0000000E+000
      4.974904     2.2094001E-003     0.0000000E+000
      5.008070     2.2610606E-003     0.0000000E+000
      5.041457     2.2138457E-003     0.0000000E+000
      5.075067     2.2375324E-003     0.0000000E+000
      5.108900     2.2402771E-003     0.0000000E+000
      5.142960     2.3087975E-003     0.0000000E+000
      5.177246     2.2506488E-003     0.0000000E+000
      5.211761     2.3077364E-003     0.0000000E+000
      5.246506     2.2604185E-003     0.0000000E+000
      5.281483     2.3293891E-003     0.0000000E+000
      5.316693     2.2565745E-003     0.0000000E+000
      5.352137     2.3244731E-003     0.0000000E+000
      5.387818     2.3056780E-003     0.0000000E+000
      5.423737     2.3887259E-003     0.0000000E+000
      5.459895     2.3217136E-003     0.0000000E+000
      5.496295     2.3135316E-003     0.0000000E+000
      5.532937     2.3714858E-003     0.0000000E+000
      5.569823     2.3919624E-003     0.0000000E+000
      5.606955     2.3466620E-003     0.0000000E+000
      5.644335     2.3250867E-003     0.0000000E+000
      5.681964     2.3563416E-003     0.0000000E+000
      5.719843     2.4048338E-003     0.0000000E+000
      5.757976     2.3413743E-003     0.0000000E+000
      5.796362     2.3389001E-003     0.0000000E+000
      5.835005     2.3801028E-003     0.0000000E+000
      5.873905     2.3872667E-003     0.0000000E+000
      5.913064     2.3314635E-003     0.0000000E+000
      5.952484     2.3709118E-003     0.0000000E+000
      5.992168     2.2858523E-003     0.0000000E+000
      6.032115     2.3522571E-003     0.0000000E+000
      6.072330     2.2694245E-003     0.0000000E+000
      6.112812     2.2606145E-003     0.0000000E+000
      6.153564     2.2749630E-003     0.0000000E+000
      6.194588     2.2245428E-003     0.0000000E+000
      6.235885     2.2276129E-003     0.0000000E+000
      6.277457     2.2060466E-003     0.0000000E+000
      6.319307     2.1977891E-003     0.0000000E+000
      6.361436     2.2327613E-003     0.0000000E+000
      6.403845     2.3067987E-003     0.0000000E+000
      6.446538     2.2964135E-003     0.0000000E+000
      6.489515     2.4279617E-003     0.0000000E+000
      6.532778     2.4023088E-003     0.0000000E+000
      6.576330     2.4926906E-003     0.0000000E+000
      6.620172     2.5483098E-003     0.0000000E+000
      6.664307     2.4453885E-003     0.0000000E+000
      6.708735     2.4232059E-003     0.0000000E+000
      6.753460     2.3905961E-003     0.0000000E+000
      6.798483     2.4451941E-003     0.0000000E+000
      6.843806     2.4769661E-003     0.0000000E+000
      6.889432     2.3908430E-003     0.0000000E+000
      6.935361     2.3788088E-003     0.0000000E+000
      6.981597     2.3425261E-003     0.0000000E+000
      7.028141     2.4030096E-003     0.0000000E+000
      7.074995     2.3947530E-003     0.0000000E+000
      7.122162     2.3719291E-003     0.0000000E+000
      7.169643     2.3332574E-003     0.0000000E+000
      7.217441     2.3634492E-003     0.0000000E+000
      7.265557     2.3568006E-003     0.0000000E+000
      7.313994     2.3487800E-003     0.0000000E+000
      7.362754     2.3578164E-003     0.0000000E+000
      7.411839     2.3209663E-003     0.0000000E+000
      7.461251     2.3562943E-003     0.0000000E+000
      7.510993     2.3161256E-003     0.0000000E+000
      7.561066     2.3311936E-003     0.0000000E+000
      7.611473     2.3734284E-003     0.0000000E+000
      7.662217     2.3095005E-003     0.0000000E+000
      7.713298     2.3350813E-003     0.0000000E+000
      7.764720     2.3417667E-003     0.0000000E+000
      7.816485     2.2927590E-003     0.0000000E+000
      7.868595     2.3872821E-003     0.0000000E+000
      7.921052     2.2979271E-003     0.0000000E+000
      7.973859     2.3151093E-003     0.0000000E+000
      8.027018     2.3104826E-003     0.0000000E+000
      8.080531     2.2802355E-003     0.0000000E+000
      8.134402     2.2728780E-003     0.0000000E+000
      8.188631     2.3038029E-003     0.0000000E+000
      8.243222     2.2605793E-003     0.0000000E+000
      8.298177     2.2512626E-003     0.0000000E+000
      8.353498     2.2960005E-003     0.0000000E+000
      8.409188     2.2027921E-003     0.0000000E+000
      8.465249     2.2122317E-003     0.0000000E+000
      8.521684     2.2265362E-003     0.0000000E+000
      8.578495     2.1924356E-003     0.0000000E+000
      8.635685     2.1594829E-003     0.0000000E+000
      8.693257     2.1832776E-003     0.0000000E+000
      8.751212     2.1728633E-003     0.0000000E+000
      8.809553     2.1862032E-003     0.0000000E+000
      8.868283     2.1300006E-003     0.0000000E+000
      8.927405     2.1429528E-003     0.0000000E+000
      8.986921     2.1438953E-003     0.0000000E+000
      9.046834     2.1361670E-003     0.0000000E+000
      9.107146     2.1112017E-003     0.0000000E+000
      9.167861     2.0952258E-003     0.0000000E+000
      9.228980     2.1054486E-003     0.0000000E+000
      9.290506     2.1102495E-003     0.0000000E+000
      9.352443     2.0785072E-003     0.0000000E+000
      9.414793     2.1218218E-003     0.0000000E+000
      9.477558     2.1014562E-003     0.0000000E+000
      9.540742     2.0467513E-003     0.0000000E+000
      9.604346     2.0931710E-003     0.0000000E+000
      9.668375     2.0756094E-003     0.0000000E+000
      9.732831     2.0586628E-003     0.0000000E+000
      9.797717     2.0633910E-003     0.0000000E+000
      9.863035     2.1031602E-003     0.0000000E+000
      9.928789     2.0678772E-003     0.0000000E+000
      9.994980     2.0517756E-003     0.0000000E+000
     10.061614     2.0676825E-003     0.0000000E+000
     10.128691     2.0217339E-003     0.0000000E+000
     10.196216     2.0210784E-003     0.0000000E+000
     10.264190     2.0513800E-003     0.0000000E+000
     10.332618     2.0771625E-003     0.0000000E+000
     10.401503     2.1228811E-003     0.0000000E+000
     10.470846     2.0677222E-003     0.0000000E+000
     10.540651     2.0451551E-003     0.0000000E+000
     10.610923     2.0779350E-003     0.0000000E+000
     10.681662     2.0225403E-003     0.0000000E+000
     10.752873     2.0557315E-003     0.0000000E+000
     10.824559     2.0239838E-003     0.0000000E+000
     10.896723     2.0655132E-003     0.0000000E+000
     10.969367     2.1353908E-003     0.0000000E+000
     11.042497     2.1174239E-003     0.0000000E+000
     11.116113     2.0344123E-003     0.0000000E+000
     11.190221     2.0737082E-003     0.0000000E+000
     11.264822     2.0588960E-003     0.0000000E+000
     11.339921     2.0846301E-003     0.0000000E+000
     11.415520     2.0284635E-003     0.0000000E+000
     11.491624     2.0410927E-003     0.0000000E+000
     11.568235     2.0863802E-003     0.0000000E+000
     11.645356     2.1039352E-003     0.0000000E+000
     11.722992     2.1758684E-003     0.0000000E+000
     11.801145     2.0913860E-003     0.0000000E+000
     11.879820     2.0996936E-003     0.0000000E+000
     11.959018     2.0682826E-003     0.0000000E+000
     12.038745     2.0845554E-003     0.0000000E+000
     12.119003     2.1070638E-003     0.0000000E+000
     12.199797     2.0434636E-003     0.0000000E+000
     12.281129     2.1384481E-003     0.0000000E+000
     12.363003     2.1246378E-003     0.0000000E+000
     12.445423     2.1530909E-003     0.0000000E+000
     12.528392     2.1641001E-003     0.0000000E+000
     12.611915     2.1542172E-003     0.0000000E+000
     12.695994     2.1029182E-003     0.0000000E+000
     12.780634     2.1408761E-003     0.0000000E+000
     12.865839     2.1233779E-003     0.0000000E+000
     12.951611     2.1142491E-003     0.0000000E+000
     13.037955     2.1327809E-003     0.0000000E+000
     13.124875     2.1241221E-003     0.0000000E+000
     13.212374     2.1610340E-003     0.0000000E+000
     13.300456     2.1963195E-003     0.0000000E+000
     13.389126     2.1280083E-003     0.0000000E+000
     13.478387     2.2191802E-003     0.0000000E+000
     13.568243     2.1774723E-003     0.0000000E+000
     13.658698     2.1714505E-003     0.0000000E+000
     13.749756     2.1672701E-003     0.0000000E+000
     13.841421     2.1846967E-003     0.0000000E+000
     13.933697     2.1366822E-003     0.0000000E+000
     14.026588     2.1992009E-003     0.0000000E+000
     14.120099     2.2119347E-003     0.0000000E+000
     14.214233     2.2165625E-003     0.0000000E+000
     14.308994     2.2031929E-003     0.0000000E+000
     14.404388     2.2056258E-003     0.0000000E+000
     14.500417     2.2616496E-003     0.0000000E+000
     14.597086     2.1850623E-003     0.0000000E+000
     14.694400     2.2084889E-003     0.0000000E+000
     14.792363     2.2129162E-003     0.0000000E+000
     14.890979     2.2718265E-003     0.0000000E+000
     14.990252     2.2268081E-003     0.0000000E+000
     15.090187     2.2213710E-003     0.0000000E+000
     15.190788     2.2152505E-003     0.0000000E+000
     15.292060     2.2131426E-003     0.0000000E+000
     15.394007     2.2459818E-003     0.0000000E+000
     15.496634     2.2205610E-003     0.0000000E+000
     15.599945     2.3020983E-003     0.0000000E+000
     15.703944     2.2342138E-003     0.0000000E+000
     15.808637     2.2412532E-003     0.0000000E+000
     15.914028     2.1661066E-003     0.0000000E+000
     16.020122     2.2863396E-003     0.0000000E+000
     16.126923     2.2526044E-003     0.0000000E+000
     16.234435     2.2890715E-003     0.0000000E+000
     16.342665     2.2345724E-003     0.0000000E+000
     16.451616     2.2856598E-003     0.0000000E+000
     16.561294     2.2653428E-003     0.0000000E+000
     16.671702     2.3080053E-003     0.0000000E+000
     16.782847     2.2150994E-003     0.0000000E+000
     16.894732     2.2561591E-003     0.0000000E+000
     17.007364     2.2094297E-003     0.0000000E+000
     17.120746     2.2756035E-003     0.0000000E+000
     17.234885     2.2969089E-003     0.0000000E+000
     17.349784     2.3444125E-003     0.0000000E+000
     17.465449     2.2747185E-003     0.0000000E+000
     17.581886     2.2913174E-003     0.0000000E+000
     17.699098     2.3089568E-003     0.0000000E+000
     17.817092     2.2553945E-003     0.0000000E+000
     17.935873     2.2685479E-003     0.0000000E+000
     18.055445     2.2555412E-003     0.0000000E+000
     18.175815     2.3019156E-003     0.0000000E+000
     18.296987     2.2529652E-003     0.0000000E+000
     18.418967     2.3008615E-003     0.0000000E+000
     18.541760     2.3831184E-003     0.0000000E+000
     18.665372     2.3459860E-003     0.0000000E+000
     18.789808     2.2499638E-003     0.0000000E+000
     18.915073     2.2668464E-003     0.0000000E+000
     19.041173     2.2593038E-003     0.0000000E+000
     19.168115     2.2748930E-003     0.0000000E+000
     19.295902     2.3533897E-003     0.0000000E+000
     19.424541     2.3855959E-003     0.0000000E+000
     19.554038     2.2769915E-003     0.0000000E+000
     19.684399     2.2856985E-003     0.0000000E+000
     19.815628     2.3153093E-003     0.0000000E+000
     19.947732     2.3299449E-003     0.0000000E+000
     20.080717     2.2452099E-003     0.0000000E+000
     20.214588     2.3355845E-003     0.0000000E+000
     20.349352     2.3653442E-003     0.0000000E+000
     20.485015     2.3397966E-003     0.0000000E+000
     20.621581     2.2792091E-003     0.0000000E+000
     20.759059     2.2981027E-003     0.0000000E+000
     20.897452     2.2586465E-003     0.0000000E+000
     21.036769     2.3756750E-003     0.0000000E+000
     21.177014     2.4094885E-003     0.0000000E+000
     21.318194     2.3504651E-003     0.0000000E+000
     21.460315     2.2394868E-003     0.0000000E+000
     21.603384     2.4029946E-003     0.0000000E+000
     21.747407     2.3339189E-003     0.0000000E+000
     21.892389     2.3817199E-003     0.0000000E+000
     22.038338     2.3424162E-003     0.0000000E+000
     22.185261     2.3631239E-003     0.0000000E+000
     22.333162     2.3760079E-003     0.0000000E+000
     22.482050     2.3377942E-003     0.0000000E+000
     22.631931     2.3492132E-003     0.0000000E+000
     22.782810     2.2482624E-003     0.0000000E+000
     22.934695     2.3961895E-003     0.0000000E+000
     23.087593     2.2547774E-003     0.0000000E+000
     23.241511     2.2658056E-003     0.0000000E+000
     23.396454     2.2692845E-003     0.0000000E+000
     23.552431     2.4325256E-003     0.0000000E+000
     23.709447     2.3444370E-003     0.0000000E+000
     23.867510     2.4761521E-003     0.0000000E+000
     24.026626     2.2990569E-003     0.0000000E+000
     24.186804     2.2472334E-003     0.0000000E+000
     24.348049     2.2914939E-003     0.0000000E+000
     24.510370     2.3435440E-003     0.0000000E+000
     24.673772     2.3310069E-003     0.0000000E+000
     24.838264     2.2750884E-003     0.0000000E+000
     25.003852     2.4532927E-003     0.0000000E+000
     25.170545     2.3896132E-003     0.0000000E+000
     25.338348     2.3868021E-003     0.0000000E+000
     25.507271     2.3417971E-003     0.0000000E+000
     25.677319     2.3306086E-003     0.0000000E+000
     25.848501     2.2655595E-003     0.0000000E+000
     26.020825     2.3956684E-003     0.0000000E+000
     26.194297     2.2850739E-003     0.0000000E+000
     26.368925     2.2600891E-003     0.0000000E+000
     26.544718     2.4399246E-003     0.0000000E+000
     26.721683     2.4927050E-003     0.0000000E+000
     26.899828     2.2593153E-003     0.0000000E+000
     27.079160     2.3480560E-003     0.0000000E+000
     27.259687     2.3628288E-003     0.0000000E+000
     27.441419     2.2199751E-003     0.0000000E+000
     27.624362     2.2429219E-003     0.0000000E+000
     27.808524     2.3006261E-003     0.0000000E+000
     27.993914     2.4243938E-003     0.0000000E+000
     28.180540     2.4130632E-003     0.0000000E+000
     28.368410     2.4764402E-003     0.0000000E+000
     28.557533     2.4390318E-003     0.0000000E+000
     28.747917     2.2886253E-003     0.0000000E+000
     28.939570     2.2753649E-003     0.0000000E+000
     29.132500     2.3189626E-003     0.0000000E+000
     29.326717     2.3291340E-003     0.0000000E+000
     29.522228     2.4104409E-003     0.0000000E+000
     29.719043     2.2754821E-003     0.0000000E+000
     29.917170     2.3252942E-003     0.0000000E+000
     30.116618     2.3758407E-003     0.0000000E+000
     30.317395     2.2577430E-003     0.0000000E+000
     30.519511     2.4684344E-003     0.0000000E+000
     30.722975     2.3621121E-003     0.0000000E+000
     30.927794     2.3838903E-003     0.0000000E+000
     31.133980     2.4659219E-003     0.0000000E+000
     31.341540     2.2445820E-003     0.0000000E+000
     31.550483     2.2636300E-003     0.0000000E+000
     31.760820     2.3339789E-003     0.0000000E+000
     31.972558     2.3567694E-003     0.0000000E+000
     32.185709     2.2922784E-003     0.0000000E+000
     32.400280     2.3431736E-003     0.0000000E+000
     32.616282     2.2530965E-003     0.0000000E+000
     32.833724     2.4080535E-003     0.0000000E+000
     33.052615     2.5491302E-003     0.0000000E+000
     33.272966     2.3988598E-003     0.0000000E+000
     33.494786     2.3614543E-003     0.0000000E+000
     33.718085     2.2849437E-003     0.0000000E+000
     33.942872     2.2389660E-003     0.0000000E+000
     34.169158     2.2984002E-003     0.0000000E+000
     34.396952     2.4339260E-003     0.0000000E+000
     34.626265     2.4145866E-003     0.0000000E+000
     34.857107     2.3731316E-003     0.0000000E+000
     35.089488     2.4646914E-003     0.0000000E+000
     35.323417     2.4042185E-003     0.0000000E+000
     35.558907     2.4093142E-003     0.0000000E+000
     35.795966     2.4294363E-003     0.0000000E+000
     36.034606     2.4254004E-003     0.0000000E+000
     36.274837     2.4101978E-003     0.0000000E+000
     36.516669     2.2627951E-003     0.0000000E+000
     36.760113     2.4085949E-003     0.0000000E+000
     37.005181     2.3266153E-003     0.0000000E+000
     37.251882     2.4299371E-003     0.0000000E+000
     37.500228     2.4291955E-003     0.0000000E+000
     37.750229     2.3773293E-003     0.0000000E+000
     38.001898     2.3871876E-003     0.0000000E+000
     38.255244     2.3631372E-003     0.0000000E+000
     38.510279     2.2593784E-003     0.0000000E+000
     38.767014     2.3155527E-003     0.0000000E+000
     39.025461     2.3533641E-003     0.0000000E+000
     39.285630     2.4571374E-003     0.0000000E+000
     39.547535     2.3030771E-003     0.0000000E+000
     39.811185     2.3310499E-003     0.0000000E+000
     40.076593     2.5140882E-003     0.0000000E+000
     40.343770     2.5225149E-003     0.0000000E+000
     40.612728     2.5461739E-003     0.0000000E+000
     40.883480     2.5002608E-003     0.0000000E+000
     41.156036     2.3538442E-003     0.0000000E+000
     41.430410     2.3701314E-003     0.0000000E+000
     41.706613     2.2980216E-003     0.0000000E+000
     41.984657     2.3318479E-003     0.0000000E+000
     42.264555     2.3408457E-003     0.0000000E+000
     42.546318     2.4014045E-003     0.0000000E+000
     42.829960     2.3504714E-003     0.0000000E+000
     43.115493     2.5826165E-003     0.0000000E+000
     43.402930     2.4222190E-003     0.0000000E+000
     43.692283     2.4384454E-003     0.0000000E+000
     43.983565     2.5265381E-003     0.0000000E+000
     44.276789     2.3672097E-003     0.0000000E+000
     44.571967     2.3797057E-003     0.0000000E+000
     44.869114     2.4281579E-003     0.0000000E+000
     45.168241     2.4216832E-003     0.0000000E+000
     45.469363     2.3986823E-003     0.0000000E+000
     45.772492     2.3670081E-003     0.0000000E+000
     46.077642     2.4285964E-003     0.0000000E+000
     46.384826     2.3805893E-003     0.0000000E+000
     46.694058     2.4147854E-003     0.0000000E+000
     47.005352     2.4846341E-003     0.0000000E+000
     47.318721     2.4324883E-003     0.0000000E+000
     47.634179     2.3678735E-003     0.0000000E+000
     47.951740     2.4208376E-003     0.0000000E+000
     48.271418     2.2989560E-003     0.0000000E+000
     48.593228     2.4814738E-003     0.0000000E+000
     48.917183     2.3383357E-003     0.0000000E+000
     49.243297     2.4836142E-003     0.0000000E+000
     49.571586     2.3634698E-003     0.0000000E+000
     49.902063     1.7805453E-003     0.0000000E+000
