
      0.100000     1.8454718E-003     0.0000000E+000
      0.100667     1.9109628E-003     0.0000000E+000
      0.101338     1.9747210E-003     0.0000000E+000
      0.102013     2.0363855E-003     0.0000000E+000
      0.102693     2.0956116E-003     0.0000000E+000
      0.103378     2.1520709E-003     0.0000000E+000
      0.104067     2.2054522E-003     0.0000000E+000
      0.104761     2.2554645E-003     0.0000000E+000
      0.105459     2.3018406E-003     0.0000000E+000
      0.106163     2.3443420E-003     0.0000000E+000
      0.106870     2.3827643E-003     0.0000000E+000
      0.107583     2.4169413E-003     0.0000000E+000
      0.108300     2.4467497E-003     0.0000000E+000
      0.109022     2.4721108E-003     0.0000000E+000
      0.109749     2.4929890E-003     0.0000000E+000
      0.110480     2.5093874E-003     0.0000000E+000
      0.111217     2.5213409E-003     0.0000000E+000
      0.111958     2.5289075E-003     0.0000000E+000
      0.112705     2.5321603E-003     0.0000000E+000
      0.113456     2.5311824E-003     0.0000000E+000
      0.114213     2.5260638E-003     0.0000000E+000
      0.114974     2.5169039E-003     0.0000000E+000
      0.115740     2.5038169E-003     0.0000000E+000
      0.116512     2.4869414E-003     0.0000000E+000
      0.117289     2.4664559E-003     0.0000000E+000
      0.118071     2.4426039E-003     0.0000000E+000
      0.118858     2.4157439E-003     0.0000000E+000
      0.119650     2.3864522E-003     0.0000000E+000
      0.120448     2.3557383E-003     0.0000000E+000
      0.121251     2.3254488E-003     0.0000000E+000
      0.122059     2.2988031E-003     0.0000000E+000
      0.122873     2.2803867E-003     0.0000000E+000
      0.123692     2.2741832E-003     0.0000000E+000
      0.124517     2.2803078E-003     0.0000000E+000
      0.125347     2.2948164E-003     0.0000000E+000
      0.126182     2.3129354E-003     0.0000000E+000
      0.127024     2.3312720E-003     0.0000000E+000
      0.127871     2.3479339E-003     0.0000000E+000
      0.128723     2.3619813E-003     0.0000000E+000
      0.129581     2.3729906E-003     0.0000000E+000
      0.130445     2.3808178E-003     0.0000000E+000
      0.131315     2.3854872E-003     0.0000000E+000
      0.132190     2.3871447E-003     0.0000000E+000
      0.133071     2.3860422E-003     0.0000000E+000
      0.133959     2.3825359E-003     0.0000000E+000
      0.134852     2.3770885E-003     0.0000000E+000
      0.135751     2.3702655E-003     0.0000000E+000
      0.136656     2.3627134E-003     0.0000000E+000
      0.137567     2.3551112E-003     0.0000000E+000
      0.138484     2.3480909E-003     0.0000000E+000
      0.139407     2.3421436E-003     0.0000000E+000
      0.140336     2.3375429E-003     0.0000000E+000
      0.141272     2.3343215E-003     0.0000000E+000
      0.142214     2.3323105E-003     0.0000000E+000
      0.143162     2.3312211E-003     0.0000000E+000
      0.144116     2.3307297E-003     0.0000000E+000
      0.145077     2.3305400E-003     0.0000000E+000
      0.146044     2.3304141E-003     0.0000000E+000
      0.147018     2.3301784E-003     0.0000000E+000
      0.147998     2.3297157E-003     0.0000000E+000
      0.148985     2.3289529E-003     0.0000000E+000
      0.149978     2.3278475E-003     0.0000000E+000
      0.150978     2.3263780E-003     0.0000000E+000
      0.151984     2.3245356E-003     0.0000000E+000
      0.152997     2.3223194E-003     0.0000000E+000
      0.154017     2.3197331E-003     0.0000000E+000
      0.155044     2.3167829E-003     0.0000000E+000
      0.156078     2.3134764E-003     0.0000000E+000
      0.157118     2.3098219E-003     0.0000000E+000
      0.158166     2.3058281E-003     0.0000000E+000
      0.159220     2.3015039E-003     0.0000000E+000
      0.160282     2.2968583E-003     0.0000000E+000
      0.161350     2.2919002E-003     0.0000000E+000
      0.162426     2.2866388E-003     0.0000000E+000
      0.163509     2.2810829E-003     0.0000000E+000
      0.164599     2.2752415E-003     0.0000000E+000
      0.165696     2.2691235E-003     0.0000000E+000
      0.166801     2.2627379E-003     0.0000000E+000
      0.167913     2.2560934E-003     0.0000000E+000
      0.169032     2.2491987E-003     0.0000000E+000
      0.170159     2.2420627E-003     0.0000000E+000
      0.171293     2.2346939E-003     0.0000000E+000
      0.172435     2.2271008E-003     0.0000000E+000
      0.173585     2.2192920E-003     0.0000000E+000
      0.174742     2.2112756E-003     0.0000000E+000
      0.175907     2.2030602E-003     0.0000000E+000
      0.177080     2.1946536E-003     0.0000000E+000
      0.178260     2.1860641E-003     0.0000000E+000
      0.179449     2.1772996E-003     0.0000000E+000
      0.180645     2.1683678E-003     0.0000000E+000
      0.181849     2.1592764E-003     0.0000000E+000
      0.183062     2.1500331E-003     0.0000000E+000
      0.184282     2.1406452E-003     0.0000000E+000
      0.185511     2.1311200E-003     0.0000000E+000
      0.186747     2.1214647E-003     0.0000000E+000
      0.187992     2.1116863E-003     0.0000000E+000
      0.189246     2.1017916E-003     0.0000000E+000
      0.190507     2.0917875E-003     0.0000000E+000
      0.191777     2.0816804E-003     0.0000000E+000
      0.193056     2.0714769E-003     0.0000000E+000
      0.194343     2.0611832E-003     0.0000000E+000
      0.195639     2.0508054E-003     0.0000000E+000
      0.196943     2.0403497E-003     0.0000000E+000
      0.198256     2.0298217E-003     0.0000000E+000
      0.199577     2.0192272E-003     0.0000000E+000
      0.200908     2.0085719E-003     0.0000000E+000
      0.202247     1.9978610E-003     0.0000000E+000
      0.203596     1.9870999E-003     0.0000000E+000
      0.204953     1.9762936E-003     0.0000000E+000
      0.206319     1.9654473E-003     0.0000000E+000
      0.207695     1.9545656E-003     0.0000000E+000
      0.209079     1.9436534E-003     0.0000000E+000
      0.210473     1.9327151E-003     0.0000000E+000
      0.211876     1.9217552E-003     0.0000000E+000
      0.213289     1.9107781E-003     0.0000000E+000
      0.214711     1.8997878E-003     0.0000000E+000
      0.216142     1.8887884E-003     0.0000000E+000
      0.217583     1.8777838E-003     0.0000000E+000
      0.219034     1.8667778E-003     0.0000000E+000
      0.220494     1.8557738E-003     0.0000000E+000
      0.221964     1.8447755E-003     0.0000000E+000
      0.223444     1.8337861E-003     0.0000000E+000
      0.224933     1.8228087E-003     0.0000000E+000
      0.226433     1.8118463E-003     0.0000000E+000
      0.227943     1.8009014E-003     0.0000000E+000
      0.229462     1.7899765E-003     0.0000000E+000
      0.230992     1.7790735E-003     0.0000000E+000
      0.232532     1.7681934E-003     0.0000000E+000
      0.234082     1.7573345E-003     0.0000000E+000
      0.235643     1.7464871E-003     0.0000000E+000
      0.237214     1.7356206E-003     0.0000000E+000
      0.238795     1.7246600E-003     0.0000000E+000
      0.240387     1.7134540E-003     0.0000000E+000
      0.241990     1.7017456E-003     0.0000000E+000
      0.243603     1.6891594E-003     0.0000000E+000
      0.245227     1.6752208E-003     0.0000000E+000
      0.246862     1.6594110E-003     0.0000000E+000
      0.248507     1.6412540E-003     0.0000000E+000
      0.250164     1.6204139E-003     0.0000000E+000
      0.251832     1.5967790E-003     0.0000000E+000
      0.253511     1.5705057E-003     0.0000000E+000
      0.255201     1.5420118E-003     0.0000000E+000
      0.256902     1.5119215E-003     0.0000000E+000
      0.258615     1.4809805E-003     0.0000000E+000
      0.260339     1.4499635E-003     0.0000000E+000
      0.262075     1.4195937E-003     0.0000000E+000
      0.263822     1.3904846E-003     0.0000000E+000
      0.265580     1.3631091E-003     0.0000000E+000
      0.267351     1.3377918E-003     0.0000000E+000
      0.269133     1.3147185E-003     0.0000000E+000
      0.270928     1.2939564E-003     0.0000000E+000
      0.272734     1.2754786E-003     0.0000000E+000
      0.274552     1.2591893E-003     0.0000000E+000
      0.276382     1.2449466E-003     0.0000000E+000
      0.278225     1.2325807E-003     0.0000000E+000
      0.280080     1.2219094E-003     0.0000000E+000
      0.281947     1.2127489E-003     0.0000000E+000
      0.283827     1.2049211E-003     0.0000000E+000
      0.285719     1.1982591E-003     0.0000000E+000
      0.287624     1.1926092E-003     0.0000000E+000
      0.289541     1.1878331E-003     0.0000000E+000
      0.291471     1.1838075E-003     0.0000000E+000
      0.293414     1.1804237E-003     0.0000000E+000
      0.295371     1.1775871E-003     0.0000000E+000
      0.297340     1.1752155E-003     0.0000000E+000
      0.299322     1.1732381E-003     0.0000000E+000
      0.301317     1.1996786E-003     0.0000000E+000
      0.303326     1.2054424E-003     0.0000000E+000
      0.305348     1.2078533E-003     0.0000000E+000
      0.307384     1.2226634E-003     0.0000000E+000
      0.309433     1.2245359E-003     0.0000000E+000
      0.311496     1.2240393E-003     0.0000000E+000
      0.313573     1.2482429E-003     0.0000000E+000
      0.315663     1.2466989E-003     0.0000000E+000
      0.317768     1.2344327E-003     0.0000000E+000
      0.319886     1.2206020E-003     0.0000000E+000
      0.322019     1.2218361E-003     0.0000000E+000
      0.324166     1.2129534E-003     0.0000000E+000
      0.326327     1.2317415E-003     0.0000000E+000
      0.328502     1.2312609E-003     0.0000000E+000
      0.330692     1.2550169E-003     0.0000000E+000
      0.332897     1.2618380E-003     0.0000000E+000
      0.335116     1.2888124E-003     0.0000000E+000
      0.337350     1.2942588E-003     0.0000000E+000
      0.339599     1.2738104E-003     0.0000000E+000
      0.341863     1.2644011E-003     0.0000000E+000
      0.344142     1.2531458E-003     0.0000000E+000
      0.346437     1.2461597E-003     0.0000000E+000
      0.348746     1.2556414E-003     0.0000000E+000
      0.351071     1.2387972E-003     0.0000000E+000
      0.353412     1.2538862E-003     0.0000000E+000
      0.355768     1.2660655E-003     0.0000000E+000
      0.358139     1.2831659E-003     0.0000000E+000
      0.360527     1.3071999E-003     0.0000000E+000
      0.362931     1.3516234E-003     0.0000000E+000
      0.365350     1.3476269E-003     0.0000000E+000
      0.367786     1.3277653E-003     0.0000000E+000
      0.370238     1.3023183E-003     0.0000000E+000
      0.372706     1.2925157E-003     0.0000000E+000
      0.375191     1.2882155E-003     0.0000000E+000
      0.377692     1.3082184E-003     0.0000000E+000
      0.380210     1.3028394E-003     0.0000000E+000
      0.382745     1.3029425E-003     0.0000000E+000
      0.385296     1.2888175E-003     0.0000000E+000
      0.387865     1.2773631E-003     0.0000000E+000
      0.390451     1.2867162E-003     0.0000000E+000
      0.393054     1.3201862E-003     0.0000000E+000
      0.395674     1.3691979E-003     0.0000000E+000
      0.398312     1.4018068E-003     0.0000000E+000
      0.400967     1.3998093E-003     0.0000000E+000
      0.403640     1.3810471E-003     0.0000000E+000
      0.406331     1.3544653E-003     0.0000000E+000
      0.409040     1.3244374E-003     0.0000000E+000
      0.411767     1.3102211E-003     0.0000000E+000
      0.414512     1.3359015E-003     0.0000000E+000
      0.417276     1.3782607E-003     0.0000000E+000
      0.420057     1.3744217E-003     0.0000000E+000
      0.422858     1.3665255E-003     0.0000000E+000
      0.425677     1.3646376E-003     0.0000000E+000
      0.428515     1.3450171E-003     0.0000000E+000
      0.431371     1.3299989E-003     0.0000000E+000
      0.434247     1.3204549E-003     0.0000000E+000
      0.437142     1.3546634E-003     0.0000000E+000
      0.440057     1.4199024E-003     0.0000000E+000
      0.442990     1.4684333E-003     0.0000000E+000
      0.445944     1.4674867E-003     0.0000000E+000
      0.448916     1.4505228E-003     0.0000000E+000
      0.451909     1.4298905E-003     0.0000000E+000
      0.454922     1.4067193E-003     0.0000000E+000
      0.457955     1.3794539E-003     0.0000000E+000
      0.461008     1.3602014E-003     0.0000000E+000
      0.464081     1.3739713E-003     0.0000000E+000
      0.467175     1.4174743E-003     0.0000000E+000
      0.470290     1.4523616E-003     0.0000000E+000
      0.473425     1.4480493E-003     0.0000000E+000
      0.476581     1.4422109E-003     0.0000000E+000
      0.479758     1.4235152E-003     0.0000000E+000
      0.482957     1.4121455E-003     0.0000000E+000
      0.486176     1.4455918E-003     0.0000000E+000
      0.489417     1.4236026E-003     0.0000000E+000
      0.492680     1.4287465E-003     0.0000000E+000
      0.495965     1.4286610E-003     0.0000000E+000
      0.499271     1.4737736E-003     0.0000000E+000
      0.502600     1.5383972E-003     0.0000000E+000
      0.505950     1.5445946E-003     0.0000000E+000
      0.509323     1.5380833E-003     0.0000000E+000
      0.512719     1.5254143E-003     0.0000000E+000
      0.516137     1.4987425E-003     0.0000000E+000
      0.519578     1.4660716E-003     0.0000000E+000
      0.523042     1.4526362E-003     0.0000000E+000
      0.526529     1.4489413E-003     0.0000000E+000
      0.530039     1.4544538E-003     0.0000000E+000
      0.533572     1.4552515E-003     0.0000000E+000
      0.537130     1.4795069E-003     0.0000000E+000
      0.540711     1.5284278E-003     0.0000000E+000
      0.544315     1.5309827E-003     0.0000000E+000
      0.547944     1.5265518E-003     0.0000000E+000
      0.551597     1.5163123E-003     0.0000000E+000
      0.555274     1.4981193E-003     0.0000000E+000
      0.558976     1.4782522E-003     0.0000000E+000
      0.562703     1.4704249E-003     0.0000000E+000
      0.566454     1.4919725E-003     0.0000000E+000
      0.570230     1.5438377E-003     0.0000000E+000
      0.574032     1.5366478E-003     0.0000000E+000
      0.577859     1.5395780E-003     0.0000000E+000
      0.581711     1.5590208E-003     0.0000000E+000
      0.585589     1.5779314E-003     0.0000000E+000
      0.589493     1.6628655E-003     0.0000000E+000
      0.593423     1.6360984E-003     0.0000000E+000
      0.597379     1.6302865E-003     0.0000000E+000
      0.601362     1.6210741E-003     0.0000000E+000
      0.605371     1.5939301E-003     0.0000000E+000
      0.609407     1.5644458E-003     0.0000000E+000
      0.613469     1.5335381E-003     0.0000000E+000
      0.617559     1.5208974E-003     0.0000000E+000
      0.621676     1.5160938E-003     0.0000000E+000
      0.625821     1.5475644E-003     0.0000000E+000
      0.629993     1.5365537E-003     0.0000000E+000
      0.634193     1.5494903E-003     0.0000000E+000
      0.638421     1.5643255E-003     0.0000000E+000
      0.642677     1.5828632E-003     0.0000000E+000
      0.646961     1.6416190E-003     0.0000000E+000
      0.651275     1.6234177E-003     0.0000000E+000
      0.655616     1.6162505E-003     0.0000000E+000
      0.659987     1.6052895E-003     0.0000000E+000
      0.664387     1.5923227E-003     0.0000000E+000
      0.668816     1.5707135E-003     0.0000000E+000
      0.673275     1.5528071E-003     0.0000000E+000
      0.677764     1.5467043E-003     0.0000000E+000
      0.682282     1.5464205E-003     0.0000000E+000
      0.686831     1.5407243E-003     0.0000000E+000
      0.691409     1.6331440E-003     0.0000000E+000
      0.696019     1.6429069E-003     0.0000000E+000
      0.700659     1.6494537E-003     0.0000000E+000
      0.705330     1.6603219E-003     0.0000000E+000
      0.710032     1.6779646E-003     0.0000000E+000
      0.714766     1.7275484E-003     0.0000000E+000
      0.719531     1.7719597E-003     0.0000000E+000
      0.724328     1.7532089E-003     0.0000000E+000
      0.729157     1.7433875E-003     0.0000000E+000
      0.734018     1.7302641E-003     0.0000000E+000
      0.738911     1.7217986E-003     0.0000000E+000
      0.743837     1.7006712E-003     0.0000000E+000
      0.748796     1.6832234E-003     0.0000000E+000
      0.753788     1.6636001E-003     0.0000000E+000
      0.758813     1.6384994E-003     0.0000000E+000
      0.763872     1.6100684E-003     0.0000000E+000
      0.768964     1.5918621E-003     0.0000000E+000
      0.774091     1.5783431E-003     0.0000000E+000
      0.779252     1.5984887E-003     0.0000000E+000
      0.784447     1.6213422E-003     0.0000000E+000
      0.789676     1.6241859E-003     0.0000000E+000
      0.794941     1.6350704E-003     0.0000000E+000
      0.800240     1.6711162E-003     0.0000000E+000
      0.805575     1.6916321E-003     0.0000000E+000
      0.810946     1.7648778E-003     0.0000000E+000
      0.816352     1.7610693E-003     0.0000000E+000
      0.821794     1.7571813E-003     0.0000000E+000
      0.827273     1.7433424E-003     0.0000000E+000
      0.832788     1.7458010E-003     0.0000000E+000
      0.838340     1.7348410E-003     0.0000000E+000
      0.843929     1.7220463E-003     0.0000000E+000
      0.849555     1.7054171E-003     0.0000000E+000
      0.855219     1.6841893E-003     0.0000000E+000
      0.860920     1.6641508E-003     0.0000000E+000
      0.866660     1.6496814E-003     0.0000000E+000
      0.872438     1.6436071E-003     0.0000000E+000
      0.878254     1.6312194E-003     0.0000000E+000
      0.884109     1.6281501E-003     0.0000000E+000
      0.890003     1.6953420E-003     0.0000000E+000
      0.895936     1.7435183E-003     0.0000000E+000
      0.901909     1.7434817E-003     0.0000000E+000
      0.907922     1.7366717E-003     0.0000000E+000
      0.913975     1.7830984E-003     0.0000000E+000
      0.920068     1.7912539E-003     0.0000000E+000
      0.926202     1.8606853E-003     0.0000000E+000
      0.932376     1.9222766E-003     0.0000000E+000
      0.938592     1.9213791E-003     0.0000000E+000
      0.944849     1.8972257E-003     0.0000000E+000
      0.951148     1.8962982E-003     0.0000000E+000
      0.957489     1.9080299E-003     0.0000000E+000
      0.963873     1.8908114E-003     0.0000000E+000
      0.970299     1.8775138E-003     0.0000000E+000
      0.976767     1.8734278E-003     0.0000000E+000
      0.983279     1.8624496E-003     0.0000000E+000
      0.989834     1.8392906E-003     0.0000000E+000
      0.996433     1.8227254E-003     0.0000000E+000
      1.003076     1.8005757E-003     0.0000000E+000
      1.009763     1.7700988E-003     0.0000000E+000
      1.016495     1.7434904E-003     0.0000000E+000
      1.023272     1.7196699E-003     0.0000000E+000
      1.030093     1.7001802E-003     0.0000000E+000
      1.036961     1.6774575E-003     0.0000000E+000
      1.043874     1.6752361E-003     0.0000000E+000
      1.050833     1.6729700E-003     0.0000000E+000
      1.057838     1.6648342E-003     0.0000000E+000
      1.064891     1.6718284E-003     0.0000000E+000
      1.071990     1.6767007E-003     0.0000000E+000
      1.079137     1.6946353E-003     0.0000000E+000
      1.086331     1.7321079E-003     0.0000000E+000
      1.093573     1.8336054E-003     0.0000000E+000
      1.100863     1.8687506E-003     0.0000000E+000
      1.108203     1.8838188E-003     0.0000000E+000
      1.115591     1.9166565E-003     0.0000000E+000
      1.123028     1.9194640E-003     0.0000000E+000
      1.130515     1.9263793E-003     0.0000000E+000
      1.138051     1.9260324E-003     0.0000000E+000
      1.145638     1.9211840E-003     0.0000000E+000
      1.153276     1.9175726E-003     0.0000000E+000
      1.160965     1.9130456E-003     0.0000000E+000
      1.168704     1.9118677E-003     0.0000000E+000
      1.176496     1.9058286E-003     0.0000000E+000
      1.184339     1.8872055E-003     0.0000000E+000
      1.192235     1.8619003E-003     0.0000000E+000
      1.200183     1.8382908E-003     0.0000000E+000
      1.208184     1.8242422E-003     0.0000000E+000
      1.216239     1.8030226E-003     0.0000000E+000
      1.224347     1.7928248E-003     0.0000000E+000
      1.232509     1.7736147E-003     0.0000000E+000
      1.240726     1.7592119E-003     0.0000000E+000
      1.248997     1.7411137E-003     0.0000000E+000
      1.257324     1.7332425E-003     0.0000000E+000
      1.265706     1.7379405E-003     0.0000000E+000
      1.274144     1.7455431E-003     0.0000000E+000
      1.282639     1.7586615E-003     0.0000000E+000
      1.291189     1.7745223E-003     0.0000000E+000
      1.299797     1.7862061E-003     0.0000000E+000
      1.308463     1.7973785E-003     0.0000000E+000
      1.317186     1.8257487E-003     0.0000000E+000
      1.325967     1.8594572E-003     0.0000000E+000
      1.334807     1.9871318E-003     0.0000000E+000
      1.343706     2.0267522E-003     0.0000000E+000
      1.352664     2.0616937E-003     0.0000000E+000
      1.361681     2.0826006E-003     0.0000000E+000
      1.370759     2.0878311E-003     0.0000000E+000
      1.379898     2.0772313E-003     0.0000000E+000
      1.389097     2.0667107E-003     0.0000000E+000
      1.398358     2.0771179E-003     0.0000000E+000
      1.407680     2.0945005E-003     0.0000000E+000
      1.417064     2.1054072E-003     0.0000000E+000
      1.426512     2.1070287E-003     0.0000000E+000
      1.436022     2.1052269E-003     0.0000000E+000
      1.445595     2.0856051E-003     0.0000000E+000
      1.455232     2.0452779E-003     0.0000000E+000
      1.464934     2.0522441E-003     0.0000000E+000
      1.474700     2.0324808E-003     0.0000000E+000
      1.484532     2.0257748E-003     0.0000000E+000
      1.494428     2.0081768E-003     0.0000000E+000
      1.504391     1.9968014E-003     0.0000000E+000
      1.514421     1.9690713E-003     0.0000000E+000
      1.524517     1.9509287E-003     0.0000000E+000
      1.534680     1.9305540E-003     0.0000000E+000
      1.544911     1.9043379E-003     0.0000000E+000
      1.555211     1.8810412E-003     0.0000000E+000
      1.565579     1.8525772E-003     0.0000000E+000
      1.576016     1.8310250E-003     0.0000000E+000
      1.586523     1.8089730E-003     0.0000000E+000
      1.597100     1.7893881E-003     0.0000000E+000
      1.607747     1.7732558E-003     0.0000000E+000
      1.618465     1.7608297E-003     0.0000000E+000
      1.629255     1.7548227E-003     0.0000000E+000
      1.640117     1.7501605E-003     0.0000000E+000
      1.651051     1.7540118E-003     0.0000000E+000
      1.662058     1.7650583E-003     0.0000000E+000
      1.673138     1.7549956E-003     0.0000000E+000
      1.684292     1.7422631E-003     0.0000000E+000
      1.695521     1.7636716E-003     0.0000000E+000
      1.706825     1.7800197E-003     0.0000000E+000
      1.718203     1.8333702E-003     0.0000000E+000
      1.729658     1.8635061E-003     0.0000000E+000
      1.741189     1.8778266E-003     0.0000000E+000
      1.752797     1.8941918E-003     0.0000000E+000
      1.764482     1.9196065E-003     0.0000000E+000
      1.776246     1.9519055E-003     0.0000000E+000
      1.788087     1.9740331E-003     0.0000000E+000
      1.800008     1.9893432E-003     0.0000000E+000
      1.812008     2.0041138E-003     0.0000000E+000
      1.824088     2.0170092E-003     0.0000000E+000
      1.836248     2.0249713E-003     0.0000000E+000
      1.848490     2.0496860E-003     0.0000000E+000
      1.860813     2.0771374E-003     0.0000000E+000
      1.873219     2.0539031E-003     0.0000000E+000
      1.885707     2.0232933E-003     0.0000000E+000
      1.898278     2.0124882E-003     0.0000000E+000
      1.910934     1.9971088E-003     0.0000000E+000
      1.923673     1.9982233E-003     0.0000000E+000
      1.936498     2.0286501E-003     0.0000000E+000
      1.949408     2.0335207E-003     0.0000000E+000
      1.962404     2.0276077E-003     0.0000000E+000
      1.975486     2.0260861E-003     0.0000000E+000
      1.988656     2.0195695E-003     0.0000000E+000
      2.001914     2.0105398E-003     0.0000000E+000
      2.015260     1.9957402E-003     0.0000000E+000
      2.028695     1.9733828E-003     0.0000000E+000
      2.042220     1.9409164E-003     0.0000000E+000
      2.055834     1.9191902E-003     0.0000000E+000
      2.069540     1.8949790E-003     0.0000000E+000
      2.083337     1.8669640E-003     0.0000000E+000
      2.097226     1.8517250E-003     0.0000000E+000
      2.111207     1.8272705E-003     0.0000000E+000
      2.125282     1.8104600E-003     0.0000000E+000
      2.139451     1.7880686E-003     0.0000000E+000
      2.153714     1.7886963E-003     0.0000000E+000
      2.168072     1.7776695E-003     0.0000000E+000
      2.182526     1.7815713E-003     0.0000000E+000
      2.197076     1.7885482E-003     0.0000000E+000
      2.211723     1.7893640E-003     0.0000000E+000
      2.226468     1.7964735E-003     0.0000000E+000
      2.241311     1.7992137E-003     0.0000000E+000
      2.256253     1.7955789E-003     0.0000000E+000
      2.271295     1.8019602E-003     0.0000000E+000
      2.286437     1.8064016E-003     0.0000000E+000
      2.301679     1.7984016E-003     0.0000000E+000
      2.317024     1.8174818E-003     0.0000000E+000
      2.332471     1.8139352E-003     0.0000000E+000
      2.348021     1.8475753E-003     0.0000000E+000
      2.363674     1.8598766E-003     0.0000000E+000
      2.379432     1.8802179E-003     0.0000000E+000
      2.395295     1.8671356E-003     0.0000000E+000
      2.411263     1.9135614E-003     0.0000000E+000
      2.427339     1.9341799E-003     0.0000000E+000
      2.443521     1.9658415E-003     0.0000000E+000
      2.459811     1.9870735E-003     0.0000000E+000
      2.476210     2.0194200E-003     0.0000000E+000
      2.492718     2.0347349E-003     0.0000000E+000
      2.509336     2.0861413E-003     0.0000000E+000
      2.526065     2.0837158E-003     0.0000000E+000
      2.542905     2.1096700E-003     0.0000000E+000
      2.559858     2.1259750E-003     0.0000000E+000
      2.576924     2.1095141E-003     0.0000000E+000
      2.594103     2.1109454E-003     0.0000000E+000
      2.611397     2.0960297E-003     0.0000000E+000
      2.628806     2.1082793E-003     0.0000000E+000
      2.646332     2.1063052E-003     0.0000000E+000
      2.663974     2.1404733E-003     0.0000000E+000
      2.681734     2.1636906E-003     0.0000000E+000
      2.699612     2.1900870E-003     0.0000000E+000
      2.717610     2.1841810E-003     0.0000000E+000
      2.735727     2.1576661E-003     0.0000000E+000
      2.753965     2.1394798E-003     0.0000000E+000
      2.772325     2.1704886E-003     0.0000000E+000
      2.790807     2.1552729E-003     0.0000000E+000
      2.809412     2.1812361E-003     0.0000000E+000
      2.828142     2.1702878E-003     0.0000000E+000
      2.846996     2.1785769E-003     0.0000000E+000
      2.865976     2.1435315E-003     0.0000000E+000
      2.885083     2.1490494E-003     0.0000000E+000
      2.904316     2.1693763E-003     0.0000000E+000
      2.923679     2.1479565E-003     0.0000000E+000
      2.943170     2.1337772E-003     0.0000000E+000
      2.962791     2.1420838E-003     0.0000000E+000
      2.982543     2.1134784E-003     0.0000000E+000
      3.002426     2.1183541E-003     0.0000000E+000
      3.022443     2.0867720E-003     0.0000000E+000
      3.042592     2.0993616E-003     0.0000000E+000
      3.062876     2.0659462E-003     0.0000000E+000
      3.083295     2.0427260E-003     0.0000000E+000
      3.103851     2.0457350E-003     0.0000000E+000
      3.124543     2.0215812E-003     0.0000000E+000
      3.145373     2.0235324E-003     0.0000000E+000
      3.166342     2.0024816E-003     0.0000000E+000
      3.187451     1.9901786E-003     0.0000000E+000
      3.208701     1.9981323E-003     0.0000000E+000
      3.230092     1.9740519E-003     0.0000000E+000
      3.251626     1.9482758E-003     0.0000000E+000
      3.273304     1.9499696E-003     0.0000000E+000
      3.295126     1.9529357E-003     0.0000000E+000
      3.317093     1.9468585E-003     0.0000000E+000
      3.339207     1.9314236E-003     0.0000000E+000
      3.361469     1.9300856E-003     0.0000000E+000
      3.383879     1.9336187E-003     0.0000000E+000
      3.406438     1.9304791E-003     0.0000000E+000
      3.429147     1.9219309E-003     0.0000000E+000
      3.452008     1.9077841E-003     0.0000000E+000
      3.475022     1.8997094E-003     0.0000000E+000
      3.498188     1.8928122E-003     0.0000000E+000
      3.521510     1.8815929E-003     0.0000000E+000
      3.544986     1.8695254E-003     0.0000000E+000
      3.568620     1.8527081E-003     0.0000000E+000
      3.592411     1.8485657E-003     0.0000000E+000
      3.616360     1.8346132E-003     0.0000000E+000
      3.640469     1.8187017E-003     0.0000000E+000
      3.664739     1.8147463E-003     0.0000000E+000
      3.689170     1.8077504E-003     0.0000000E+000
      3.713765     1.7861350E-003     0.0000000E+000
      3.738523     1.7907212E-003     0.0000000E+000
      3.763447     1.7851085E-003     0.0000000E+000
      3.788536     1.7625705E-003     0.0000000E+000
      3.813793     1.7689071E-003     0.0000000E+000
      3.839219     1.7701482E-003     0.0000000E+000
      3.864813     1.7463298E-003     0.0000000E+000
      3.890579     1.7546125E-003     0.0000000E+000
      3.916516     1.7463984E-003     0.0000000E+000
      3.942626     1.7518662E-003     0.0000000E+000
      3.968910     1.7537042E-003     0.0000000E+000
      3.995370     1.7633276E-003     0.0000000E+000
      4.022005     1.7723736E-003     0.0000000E+000
      4.048819     1.7839645E-003     0.0000000E+000
      4.075811     1.8174122E-003     0.0000000E+000
      4.102983     1.8243194E-003     0.0000000E+000
      4.130336     1.8462189E-003     0.0000000E+000
      4.157872     1.8698527E-003     0.0000000E+000
      4.185591     1.9438233E-003     0.0000000E+000
      4.213495     2.0277206E-003     0.0000000E+000
      4.241585     2.1020088E-003     0.0000000E+000
      4.269862     2.1517420E-003     0.0000000E+000
      4.298328     2.1827731E-003     0.0000000E+000
      4.326983     2.1932211E-003     0.0000000E+000
      4.355830     2.1869442E-003     0.0000000E+000
      4.384869     2.1772949E-003     0.0000000E+000
      4.414101     2.1552660E-003     0.0000000E+000
      4.443529     2.1419423E-003     0.0000000E+000
      4.473152     2.1015921E-003     0.0000000E+000
      4.502973     2.0772632E-003     0.0000000E+000
      4.532993     2.0419252E-003     0.0000000E+000
      4.563213     2.0075576E-003     0.0000000E+000
      4.593634     1.9748961E-003     0.0000000E+000
      4.624259     1.9772034E-003     0.0000000E+000
      4.655087     1.9879995E-003     0.0000000E+000
      4.686121     1.9796642E-003     0.0000000E+000
      4.717362     2.0001172E-003     0.0000000E+000
      4.748811     1.9605391E-003     0.0000000E+000
      4.780470     1.9990015E-003     0.0000000E+000
      4.812339     1.9754804E-003     0.0000000E+000
      4.844422     1.9768400E-003     0.0000000E+000
      4.876718     1.9789573E-003     0.0000000E+000
      4.909229     1.9826922E-003     0.0000000E+000
      4.941957     2.0050124E-003     0.0000000E+000
      4.974904     1.9927595E-003     0.0000000E+000
      5.008070     2.0240013E-003     0.0000000E+000
      5.041457     1.9923984E-003     0.0000000E+000
      5.075067     2.0081746E-003     0.0000000E+000
      5.108900     2.0131827E-003     0.0000000E+000
      5.142960     2.0492162E-003     0.0000000E+000
      5.177246     2.0159107E-003     0.0000000E+000
      5.211761     2.0500029E-003     0.0000000E+000
      5.246506     2.0228753E-003     0.0000000E+000
      5.281483     2.0643847E-003     0.0000000E+000
      5.316693     2.0186943E-003     0.0000000E+000
      5.352137     2.0606573E-003     0.0000000E+000
      5.387818     2.0467245E-003     0.0000000E+000
      5.423737     2.0960346E-003     0.0000000E+000
      5.459895     2.0546583E-003     0.0000000E+000
      5.496295     2.0497617E-003     0.0000000E+000
      5.532937     2.0886458E-003     0.0000000E+000
      5.569823     2.0952417E-003     0.0000000E+000
      5.606955     2.0706117E-003     0.0000000E+000
      5.644335     2.0496542E-003     0.0000000E+000
      5.681964     2.0783848E-003     0.0000000E+000
      5.719843     2.0998560E-003     0.0000000E+000
      5.757976     2.0578445E-003     0.0000000E+000
      5.796362     2.0677087E-003     0.0000000E+000
      5.835005     2.0859281E-003     0.0000000E+000
      5.873905     2.0851280E-003     0.0000000E+000
      5.913064     2.0621072E-003     0.0000000E+000
      5.952484     2.0764306E-003     0.0000000E+000
      5.992168     2.0255897E-003     0.0000000E+000
      6.032115     2.0648363E-003     0.0000000E+000
      6.072330     2.0102404E-003     0.0000000E+000
      6.112812     2.0086278E-003     0.0000000E+000
      6.153564     2.0172027E-003     0.0000000E+000
      6.194588     1.9819287E-003     0.0000000E+000
      6.235885     1.9867812E-003     0.0000000E+000
      6.277457     1.9751463E-003     0.0000000E+000
      6.319307     1.9688759E-003     0.0000000E+000
      6.361436     1.9833691E-003     0.0000000E+000
      6.403845     2.0241343E-003     0.0000000E+000
      6.446538     2.0170389E-003     0.0000000E+000
      6.489515     2.1094939E-003     0.0000000E+000
      6.532778     2.0967669E-003     0.0000000E+000
      6.576330     2.1485654E-003     0.0000000E+000
      6.620172     2.1815125E-003     0.0000000E+000
      6.664307     2.1323937E-003     0.0000000E+000
      6.708735     2.1168420E-003     0.0000000E+000
      6.753460     2.0990262E-003     0.0000000E+000
      6.798483     2.1243176E-003     0.0000000E+000
      6.843806     2.1414074E-003     0.0000000E+000
      6.889432     2.0993355E-003     0.0000000E+000
      6.935361     2.0844403E-003     0.0000000E+000
      6.981597     2.0569535E-003     0.0000000E+000
      7.028141     2.0971572E-003     0.0000000E+000
      7.074995     2.0940866E-003     0.0000000E+000
      7.122162     2.0835602E-003     0.0000000E+000
      7.169643     2.0454748E-003     0.0000000E+000
      7.217441     2.0668530E-003     0.0000000E+000
      7.265557     2.0578808E-003     0.0000000E+000
      7.313994     2.0624158E-003     0.0000000E+000
      7.362754     2.0622520E-003     0.0000000E+000
      7.411839     2.0378286E-003     0.0000000E+000
      7.461251     2.0501795E-003     0.0000000E+000
      7.510993     2.0401720E-003     0.0000000E+000
      7.561066     2.0375184E-003     0.0000000E+000
      7.611473     2.0767215E-003     0.0000000E+000
      7.662217     2.0346435E-003     0.0000000E+000
      7.713298     2.0415090E-003     0.0000000E+000
      7.764720     2.0467420E-003     0.0000000E+000
      7.816485     2.0163239E-003     0.0000000E+000
      7.868595     2.0807493E-003     0.0000000E+000
      7.921052     2.0272776E-003     0.0000000E+000
      7.973859     2.0432824E-003     0.0000000E+000
      8.027018     2.0322358E-003     0.0000000E+000
      8.080531     2.0193924E-003     0.0000000E+000
      8.134402     2.0066831E-003     0.0000000E+000
      8.188631     2.0341210E-003     0.0000000E+000
      8.243222     2.0050229E-003     0.0000000E+000
      8.298177     1.9998051E-003     0.0000000E+000
      8.353498     2.0346994E-003     0.0000000E+000
      8.409188     1.9636049E-003     0.0000000E+000
      8.465249     1.9722372E-003     0.0000000E+000
      8.521684     1.9823031E-003     0.0000000E+000
      8.578495     1.9627085E-003     0.0000000E+000
      8.635685     1.9342080E-003     0.0000000E+000
      8.693257     1.9512963E-003     0.0000000E+000
      8.751212     1.9458951E-003     0.0000000E+000
      8.809553     1.9543795E-003     0.0000000E+000
      8.868283     1.9142167E-003     0.0000000E+000
      8.927405     1.9257819E-003     0.0000000E+000
      8.986921     1.9337835E-003     0.0000000E+000
      9.046834     1.9260992E-003     0.0000000E+000
      9.107146     1.9179548E-003     0.0000000E+000
      9.167861     1.9081596E-003     0.0000000E+000
      9.228980     1.9210563E-003     0.0000000E+000
      9.290506     1.9131102E-003     0.0000000E+000
      9.352443     1.8871764E-003     0.0000000E+000
      9.414793     1.9197014E-003     0.0000000E+000
      9.477558     1.9001108E-003     0.0000000E+000
      9.540742     1.8623857E-003     0.0000000E+000
      9.604346     1.8971995E-003     0.0000000E+000
      9.668375     1.8842014E-003     0.0000000E+000
      9.732831     1.8741628E-003     0.0000000E+000
      9.797717     1.8724811E-003     0.0000000E+000
      9.863035     1.8909495E-003     0.0000000E+000
      9.928789     1.8677190E-003     0.0000000E+000
      9.994980     1.8630643E-003     0.0000000E+000
     10.061614     1.8702366E-003     0.0000000E+000
     10.128691     1.8314927E-003     0.0000000E+000
     10.196216     1.8314942E-003     0.0000000E+000
     10.264190     1.8568882E-003     0.0000000E+000
     10.332618     1.8640677E-003     0.0000000E+000
     10.401503     1.8928193E-003     0.0000000E+000
     10.470846     1.8654131E-003     0.0000000E+000
     10.540651     1.8526305E-003     0.0000000E+000
     10.610923     1.8767104E-003     0.0000000E+000
     10.681662     1.8376253E-003     0.0000000E+000
     10.752873     1.8616396E-003     0.0000000E+000
     10.824559     1.8343099E-003     0.0000000E+000
     10.896723     1.8672279E-003     0.0000000E+000
     10.969367     1.9114815E-003     0.0000000E+000
     11.042497     1.9001790E-003     0.0000000E+000
     11.116113     1.8497837E-003     0.0000000E+000
     11.190221     1.8805356E-003     0.0000000E+000
     11.264822     1.8641968E-003     0.0000000E+000
     11.339921     1.8878540E-003     0.0000000E+000
     11.415520     1.8484394E-003     0.0000000E+000
     11.491624     1.8516722E-003     0.0000000E+000
     11.568235     1.8844688E-003     0.0000000E+000
     11.645356     1.8887896E-003     0.0000000E+000
     11.722992     1.9294757E-003     0.0000000E+000
     11.801145     1.8897360E-003     0.0000000E+000
     11.879820     1.8931657E-003     0.0000000E+000
     11.959018     1.8815809E-003     0.0000000E+000
     12.038745     1.8950023E-003     0.0000000E+000
     12.119003     1.9065911E-003     0.0000000E+000
     12.199797     1.8643601E-003     0.0000000E+000
     12.281129     1.9234419E-003     0.0000000E+000
     12.363003     1.9133791E-003     0.0000000E+000
     12.445423     1.9364145E-003     0.0000000E+000
     12.528392     1.9499492E-003     0.0000000E+000
     12.611915     1.9587036E-003     0.0000000E+000
     12.695994     1.9320393E-003     0.0000000E+000
     12.780634     1.9485107E-003     0.0000000E+000
     12.865839     1.9467259E-003     0.0000000E+000
     12.951611     1.9422208E-003     0.0000000E+000
     13.037955     1.9708018E-003     0.0000000E+000
     13.124875     1.9401688E-003     0.0000000E+000
     13.212374     1.9936084E-003     0.0000000E+000
     13.300456     1.9991215E-003     0.0000000E+000
     13.389126     1.9554366E-003     0.0000000E+000
     13.478387     2.0392945E-003     0.0000000E+000
     13.568243     2.0064619E-003     0.0000000E+000
     13.658698     2.0029908E-003     0.0000000E+000
     13.749756     1.9964642E-003     0.0000000E+000
     13.841421     2.0312753E-003     0.0000000E+000
     13.933697     2.0096836E-003     0.0000000E+000
     14.026588     2.0298217E-003     0.0000000E+000
     14.120099     2.0436987E-003     0.0000000E+000
     14.214233     2.0347008E-003     0.0000000E+000
     14.308994     2.0423131E-003     0.0000000E+000
     14.404388     2.0431500E-003     0.0000000E+000
     14.500417     2.0742597E-003     0.0000000E+000
     14.597086     2.0547096E-003     0.0000000E+000
     14.694400     2.0663452E-003     0.0000000E+000
     14.792363     2.0543526E-003     0.0000000E+000
     14.890979     2.1569577E-003     0.0000000E+000
     14.990252     2.0887942E-003     0.0000000E+000
     15.090187     2.0474382E-003     0.0000000E+000
     15.190788     2.0870578E-003     0.0000000E+000
     15.292060     2.0704506E-003     0.0000000E+000
     15.394007     2.0610562E-003     0.0000000E+000
     15.496634     2.0312099E-003     0.0000000E+000
     15.599945     2.0745621E-003     0.0000000E+000
     15.703944     2.0333574E-003     0.0000000E+000
     15.808637     2.0356104E-003     0.0000000E+000
     15.914028     1.9935598E-003     0.0000000E+000
     16.020122     2.0465217E-003     0.0000000E+000
     16.126923     2.0231042E-003     0.0000000E+000
     16.234435     2.0748520E-003     0.0000000E+000
     16.342665     2.0203811E-003     0.0000000E+000
     16.451616     2.0317270E-003     0.0000000E+000
     16.561294     2.0257002E-003     0.0000000E+000
     16.671702     2.0324777E-003     0.0000000E+000
     16.782847     2.0168706E-003     0.0000000E+000
     16.894732     2.0134397E-003     0.0000000E+000
     17.007364     1.9714886E-003     0.0000000E+000
     17.120746     2.0053407E-003     0.0000000E+000
     17.234885     2.0394253E-003     0.0000000E+000
     17.349784     2.0417223E-003     0.0000000E+000
     17.465449     2.0057000E-003     0.0000000E+000
     17.581886     2.0404624E-003     0.0000000E+000
     17.699098     2.0184811E-003     0.0000000E+000
     17.817092     1.9868383E-003     0.0000000E+000
     17.935873     2.0055949E-003     0.0000000E+000
     18.055445     2.0000240E-003     0.0000000E+000
     18.175815     2.0120966E-003     0.0000000E+000
     18.296987     1.9824371E-003     0.0000000E+000
     18.418967     2.0099178E-003     0.0000000E+000
     18.541760     2.0479470E-003     0.0000000E+000
     18.665372     2.0366326E-003     0.0000000E+000
     18.789808     1.9877060E-003     0.0000000E+000
     18.915073     1.9909004E-003     0.0000000E+000
     19.041173     1.9706530E-003     0.0000000E+000
     19.168115     1.9863498E-003     0.0000000E+000
     19.295902     2.0330657E-003     0.0000000E+000
     19.424541     2.0479134E-003     0.0000000E+000
     19.554038     1.9862999E-003     0.0000000E+000
     19.684399     1.9899508E-003     0.0000000E+000
     19.815628     2.0191273E-003     0.0000000E+000
     19.947732     2.0146882E-003     0.0000000E+000
     20.080717     1.9681098E-003     0.0000000E+000
     20.214588     2.0214133E-003     0.0000000E+000
     20.349352     2.0395139E-003     0.0000000E+000
     20.485015     2.0211222E-003     0.0000000E+000
     20.621581     1.9893923E-003     0.0000000E+000
     20.759059     2.0021849E-003     0.0000000E+000
     20.897452     1.9849875E-003     0.0000000E+000
     21.036769     2.0409859E-003     0.0000000E+000
     21.177014     2.0593093E-003     0.0000000E+000
     21.318194     2.0285855E-003     0.0000000E+000
     21.460315     1.9590435E-003     0.0000000E+000
     21.603384     2.0543910E-003     0.0000000E+000
     21.747407     2.0144799E-003     0.0000000E+000
     21.892389     2.0401973E-003     0.0000000E+000
     22.038338     2.0173397E-003     0.0000000E+000
     22.185261     2.0328945E-003     0.0000000E+000
     22.333162     2.0357351E-003     0.0000000E+000
     22.482050     2.0070780E-003     0.0000000E+000
     22.631931     2.0524720E-003     0.0000000E+000
     22.782810     1.9673940E-003     0.0000000E+000
     22.934695     2.0595090E-003     0.0000000E+000
     23.087593     1.9816997E-003     0.0000000E+000
     23.241511     1.9775867E-003     0.0000000E+000
     23.396454     1.9809373E-003     0.0000000E+000
     23.552431     2.0723401E-003     0.0000000E+000
     23.709447     2.0215861E-003     0.0000000E+000
     23.867510     2.0955151E-003     0.0000000E+000
     24.026626     1.9947363E-003     0.0000000E+000
     24.186804     1.9749569E-003     0.0000000E+000
     24.348049     2.0033752E-003     0.0000000E+000
     24.510370     2.0277394E-003     0.0000000E+000
     24.673772     2.0155897E-003     0.0000000E+000
     24.838264     1.9731534E-003     0.0000000E+000
     25.003852     2.0761298E-003     0.0000000E+000
     25.170545     2.0390343E-003     0.0000000E+000
     25.338348     2.0457878E-003     0.0000000E+000
     25.507271     2.0258359E-003     0.0000000E+000
     25.677319     2.0208896E-003     0.0000000E+000
     25.848501     1.9762941E-003     0.0000000E+000
     26.020825     2.0440239E-003     0.0000000E+000
     26.194297     1.9872103E-003     0.0000000E+000
     26.368925     1.9663908E-003     0.0000000E+000
     26.544718     2.0753299E-003     0.0000000E+000
     26.721683     2.1093316E-003     0.0000000E+000
     26.899828     1.9692211E-003     0.0000000E+000
     27.079160     2.0280077E-003     0.0000000E+000
     27.259687     2.0514081E-003     0.0000000E+000
     27.441419     1.9499727E-003     0.0000000E+000
     27.624362     1.9703020E-003     0.0000000E+000
     27.808524     1.9991257E-003     0.0000000E+000
     27.993914     2.0680017E-003     0.0000000E+000
     28.180540     2.0575238E-003     0.0000000E+000
     28.368410     2.1011805E-003     0.0000000E+000
     28.557533     2.0725397E-003     0.0000000E+000
     28.747917     1.9851258E-003     0.0000000E+000
     28.939570     1.9788270E-003     0.0000000E+000
     29.132500     2.0104150E-003     0.0000000E+000
     29.326717     2.0144921E-003     0.0000000E+000
     29.522228     2.0575647E-003     0.0000000E+000
     29.719043     1.9878617E-003     0.0000000E+000
     29.917170     2.0179782E-003     0.0000000E+000
     30.116618     2.0568749E-003     0.0000000E+000
     30.317395     1.9614323E-003     0.0000000E+000
     30.519511     2.0933901E-003     0.0000000E+000
     30.722975     2.0413826E-003     0.0000000E+000
     30.927794     2.0357168E-003     0.0000000E+000
     31.133980     2.0768065E-003     0.0000000E+000
     31.341540     1.9584796E-003     0.0000000E+000
     31.550483     1.9753005E-003     0.0000000E+000
     31.760820     2.0100956E-003     0.0000000E+000
     31.972558     2.0339555E-003     0.0000000E+000
     32.185709     1.9971306E-003     0.0000000E+000
     32.400280     2.0192530E-003     0.0000000E+000
     32.616282     1.9663321E-003     0.0000000E+000
     32.833724     2.0637157E-003     0.0000000E+000
     33.052615     2.1383098E-003     0.0000000E+000
     33.272966     2.0438292E-003     0.0000000E+000
     33.494786     2.0349898E-003     0.0000000E+000
     33.718085     1.9893557E-003     0.0000000E+000
     33.942872     1.9742904E-003     0.0000000E+000
     34.169158     1.9974704E-003     0.0000000E+000
     34.396952     2.0805533E-003     0.0000000E+000
     34.626265     2.0742714E-003     0.0000000E+000
     34.857107     2.0449744E-003     0.0000000E+000
     35.089488     2.0943586E-003     0.0000000E+000
     35.323417     2.0612684E-003     0.0000000E+000
     35.558907     2.0565355E-003     0.0000000E+000
     35.795966     2.0755776E-003     0.0000000E+000
     36.034606     2.0566987E-003     0.0000000E+000
     36.274837     2.0732545E-003     0.0000000E+000
     36.516669     1.9781615E-003     0.0000000E+000
     36.760113     2.0795609E-003     0.0000000E+000
     37.005181     2.0211382E-003     0.0000000E+000
     37.251882     2.0967033E-003     0.0000000E+000
     37.500228     2.0747134E-003     0.0000000E+000
     37.750229     2.0604445E-003     0.0000000E+000
     38.001898     2.0482112E-003     0.0000000E+000
     38.255244     2.0320011E-003     0.0000000E+000
     38.510279     1.9737876E-003     0.0000000E+000
     38.767014     2.0001286E-003     0.0000000E+000
     39.025461     2.0233428E-003     0.0000000E+000
     39.285630     2.0878151E-003     0.0000000E+000
     39.547535     1.9881194E-003     0.0000000E+000
     39.811185     2.0196109E-003     0.0000000E+000
     40.076593     2.1181289E-003     0.0000000E+000
     40.343770     2.1239656E-003     0.0000000E+000
     40.612728     2.1407346E-003     0.0000000E+000
     40.883480     2.1082085E-003     0.0000000E+000
     41.156036     2.0264935E-003     0.0000000E+000
     41.430410     2.0459550E-003     0.0000000E+000
     41.706613     1.9973960E-003     0.0000000E+000
     41.984657     2.0058963E-003     0.0000000E+000
     42.264555     2.0154033E-003     0.0000000E+000
     42.546318     2.0563115E-003     0.0000000E+000
     42.829960     2.0325715E-003     0.0000000E+000
     43.115493     2.1626529E-003     0.0000000E+000
     43.402930     2.0561757E-003     0.0000000E+000
     43.692283     2.0914622E-003     0.0000000E+000
     43.983565     2.1197429E-003     0.0000000E+000
     44.276789     2.0318879E-003     0.0000000E+000
     44.571967     2.0429819E-003     0.0000000E+000
     44.869114     2.0768696E-003     0.0000000E+000
     45.168241     2.0662589E-003     0.0000000E+000
     45.469363     2.0480644E-003     0.0000000E+000
     45.772492     2.0171894E-003     0.0000000E+000
     46.077642     2.0862704E-003     0.0000000E+000
     46.384826     2.0495941E-003     0.0000000E+000
     46.694058     2.0492298E-003     0.0000000E+000
     47.005352     2.0976208E-003     0.0000000E+000
     47.318721     2.0792184E-003     0.0000000E+000
     47.634179     2.0365768E-003     0.0000000E+000
     47.951740     2.0744835E-003     0.0000000E+000
     48.271418     1.9922667E-003     0.0000000E+000
     48.593228     2.1281373E-003     0.0000000E+000
     48.917183     2.0335938E-003     0.0000000E+000
     49.243297     2.0790259E-003     0.0000000E+000
     49.571586     2.0331726E-003     0.0000000E+000
     49.902063     1.5251903E-003     0.0000000E+000
