
      0.100000     2.0362392E-003     0.0000000E+000
      0.100667     2.1299416E-003     0.0000000E+000
      0.101338     2.2213493E-003     0.0000000E+000
      0.102013     2.3105533E-003     0.0000000E+000
      0.102693     2.3969622E-003     0.0000000E+000
      0.103378     2.4799693E-003     0.0000000E+000
      0.104067     2.5589985E-003     0.0000000E+000
      0.104761     2.6335178E-003     0.0000000E+000
      0.105459     2.7030442E-003     0.0000000E+000
      0.106163     2.7671442E-003     0.0000000E+000
      0.106870     2.8254363E-003     0.0000000E+000
      0.107583     2.8775941E-003     0.0000000E+000
      0.108300     2.9233503E-003     0.0000000E+000
      0.109022     2.9624993E-003     0.0000000E+000
      0.109749     2.9948983E-003     0.0000000E+000
      0.110480     3.0204652E-003     0.0000000E+000
      0.111217     3.0391743E-003     0.0000000E+000
      0.111958     3.0510510E-003     0.0000000E+000
      0.112705     3.0561651E-003     0.0000000E+000
      0.113456     3.0546270E-003     0.0000000E+000
      0.114213     3.0465843E-003     0.0000000E+000
      0.114974     3.0322223E-003     0.0000000E+000
      0.115740     3.0117677E-003     0.0000000E+000
      0.116512     2.9854968E-003     0.0000000E+000
      0.117289     2.9537511E-003     0.0000000E+000
      0.118071     2.9169703E-003     0.0000000E+000
      0.118858     2.8757615E-003     0.0000000E+000
      0.119650     2.8310499E-003     0.0000000E+000
      0.120448     2.7843982E-003     0.0000000E+000
      0.121251     2.7386025E-003     0.0000000E+000
      0.122059     2.6984775E-003     0.0000000E+000
      0.122873     2.6708286E-003     0.0000000E+000
      0.123692     2.6615302E-003     0.0000000E+000
      0.124517     2.6707103E-003     0.0000000E+000
      0.125347     2.6924865E-003     0.0000000E+000
      0.126182     2.7197407E-003     0.0000000E+000
      0.127024     2.7473913E-003     0.0000000E+000
      0.127871     2.7725791E-003     0.0000000E+000
      0.128723     2.7938627E-003     0.0000000E+000
      0.129581     2.8105752E-003     0.0000000E+000
      0.130445     2.8224748E-003     0.0000000E+000
      0.131315     2.8295807E-003     0.0000000E+000
      0.132190     2.8321044E-003     0.0000000E+000
      0.133071     2.8304256E-003     0.0000000E+000
      0.133959     2.8250887E-003     0.0000000E+000
      0.134852     2.8168033E-003     0.0000000E+000
      0.135751     2.8064357E-003     0.0000000E+000
      0.136656     2.7949732E-003     0.0000000E+000
      0.137567     2.7834480E-003     0.0000000E+000
      0.138484     2.7728168E-003     0.0000000E+000
      0.139407     2.7638190E-003     0.0000000E+000
      0.140336     2.7568640E-003     0.0000000E+000
      0.141272     2.7519967E-003     0.0000000E+000
      0.142214     2.7489595E-003     0.0000000E+000
      0.143162     2.7473145E-003     0.0000000E+000
      0.144116     2.7465725E-003     0.0000000E+000
      0.145077     2.7462862E-003     0.0000000E+000
      0.146044     2.7460961E-003     0.0000000E+000
      0.147018     2.7457402E-003     0.0000000E+000
      0.147998     2.7450418E-003     0.0000000E+000
      0.148985     2.7438902E-003     0.0000000E+000
      0.149978     2.7422220E-003     0.0000000E+000
      0.150978     2.7400045E-003     0.0000000E+000
      0.151984     2.7372249E-003     0.0000000E+000
      0.152997     2.7338824E-003     0.0000000E+000
      0.154017     2.7299830E-003     0.0000000E+000
      0.155044     2.7255367E-003     0.0000000E+000
      0.156078     2.7205554E-003     0.0000000E+000
      0.157118     2.7150526E-003     0.0000000E+000
      0.158166     2.7090420E-003     0.0000000E+000
      0.159220     2.7025379E-003     0.0000000E+000
      0.160282     2.6955545E-003     0.0000000E+000
      0.161350     2.6881062E-003     0.0000000E+000
      0.162426     2.6802074E-003     0.0000000E+000
      0.163509     2.6718726E-003     0.0000000E+000
      0.164599     2.6631159E-003     0.0000000E+000
      0.165696     2.6539518E-003     0.0000000E+000
      0.166801     2.6443944E-003     0.0000000E+000
      0.167913     2.6344578E-003     0.0000000E+000
      0.169032     2.6241561E-003     0.0000000E+000
      0.170159     2.6135031E-003     0.0000000E+000
      0.171293     2.6025126E-003     0.0000000E+000
      0.172435     2.5911982E-003     0.0000000E+000
      0.173585     2.5795734E-003     0.0000000E+000
      0.174742     2.5676516E-003     0.0000000E+000
      0.175907     2.5554458E-003     0.0000000E+000
      0.177080     2.5429691E-003     0.0000000E+000
      0.178260     2.5302343E-003     0.0000000E+000
      0.179449     2.5172539E-003     0.0000000E+000
      0.180645     2.5040405E-003     0.0000000E+000
      0.181849     2.4906061E-003     0.0000000E+000
      0.183062     2.4769628E-003     0.0000000E+000
      0.184282     2.4631225E-003     0.0000000E+000
      0.185511     2.4490966E-003     0.0000000E+000
      0.186747     2.4348966E-003     0.0000000E+000
      0.187992     2.4205335E-003     0.0000000E+000
      0.189246     2.4060184E-003     0.0000000E+000
      0.190507     2.3913619E-003     0.0000000E+000
      0.191777     2.3765743E-003     0.0000000E+000
      0.193056     2.3616660E-003     0.0000000E+000
      0.194343     2.3466469E-003     0.0000000E+000
      0.195639     2.3315267E-003     0.0000000E+000
      0.196943     2.3163148E-003     0.0000000E+000
      0.198256     2.3010204E-003     0.0000000E+000
      0.199577     2.2856526E-003     0.0000000E+000
      0.200908     2.2702198E-003     0.0000000E+000
      0.202247     2.2547305E-003     0.0000000E+000
      0.203596     2.2391928E-003     0.0000000E+000
      0.204953     2.2236143E-003     0.0000000E+000
      0.206319     2.2080027E-003     0.0000000E+000
      0.207695     2.1923649E-003     0.0000000E+000
      0.209079     2.1767076E-003     0.0000000E+000
      0.210473     2.1610370E-003     0.0000000E+000
      0.211876     2.1453587E-003     0.0000000E+000
      0.213289     2.1296774E-003     0.0000000E+000
      0.214711     2.1139953E-003     0.0000000E+000
      0.216142     2.0983079E-003     0.0000000E+000
      0.217583     2.0825934E-003     0.0000000E+000
      0.219034     2.0667914E-003     0.0000000E+000
      0.220494     2.0507708E-003     0.0000000E+000
      0.221964     2.0342918E-003     0.0000000E+000
      0.223444     2.0169761E-003     0.0000000E+000
      0.224933     1.9983002E-003     0.0000000E+000
      0.226433     1.9776265E-003     0.0000000E+000
      0.227943     1.9542737E-003     0.0000000E+000
      0.229462     1.9276206E-003     0.0000000E+000
      0.230992     1.8972215E-003     0.0000000E+000
      0.232532     1.8629073E-003     0.0000000E+000
      0.234082     1.8248453E-003     0.0000000E+000
      0.235643     1.7835403E-003     0.0000000E+000
      0.237214     1.7397800E-003     0.0000000E+000
      0.238795     1.6945384E-003     0.0000000E+000
      0.240387     1.6488630E-003     0.0000000E+000
      0.241990     1.6037684E-003     0.0000000E+000
      0.243603     1.5601526E-003     0.0000000E+000
      0.245227     1.5187442E-003     0.0000000E+000
      0.246862     1.4800794E-003     0.0000000E+000
      0.248507     1.4445043E-003     0.0000000E+000
      0.250164     1.4121936E-003     0.0000000E+000
      0.251832     1.3831791E-003     0.0000000E+000
      0.253511     1.3573897E-003     0.0000000E+000
      0.255201     1.3346556E-003     0.0000000E+000
      0.256902     1.3147646E-003     0.0000000E+000
      0.258615     1.2974741E-003     0.0000000E+000
      0.260339     1.2825295E-003     0.0000000E+000
      0.262075     1.2696764E-003     0.0000000E+000
      0.263822     1.2586742E-003     0.0000000E+000
      0.265580     1.2492932E-003     0.0000000E+000
      0.267351     1.2413186E-003     0.0000000E+000
      0.269133     1.2345607E-003     0.0000000E+000
      0.270928     1.2288504E-003     0.0000000E+000
      0.272734     1.2240384E-003     0.0000000E+000
      0.274552     1.2199940E-003     0.0000000E+000
      0.276382     1.2166051E-003     0.0000000E+000
      0.278225     1.2137753E-003     0.0000000E+000
      0.280080     1.2114159E-003     0.0000000E+000
      0.281947     1.2094547E-003     0.0000000E+000
      0.283827     1.2078301E-003     0.0000000E+000
      0.285719     1.2064896E-003     0.0000000E+000
      0.287624     1.2053892E-003     0.0000000E+000
      0.289541     1.2044935E-003     0.0000000E+000
      0.291471     1.2037700E-003     0.0000000E+000
      0.293414     1.2031891E-003     0.0000000E+000
      0.295371     1.2027278E-003     0.0000000E+000
      0.297340     1.2023668E-003     0.0000000E+000
      0.299322     1.2020900E-003     0.0000000E+000
      0.301317     1.2157960E-003     0.0000000E+000
      0.303326     1.2191343E-003     0.0000000E+000
      0.305348     1.2206030E-003     0.0000000E+000
      0.307384     1.2302605E-003     0.0000000E+000
      0.309433     1.2315126E-003     0.0000000E+000
      0.311496     1.2313522E-003     0.0000000E+000
      0.313573     1.2512420E-003     0.0000000E+000
      0.315663     1.2499920E-003     0.0000000E+000
      0.317768     1.2395750E-003     0.0000000E+000
      0.319886     1.2292490E-003     0.0000000E+000
      0.322019     1.2301161E-003     0.0000000E+000
      0.324166     1.2243614E-003     0.0000000E+000
      0.326327     1.2375435E-003     0.0000000E+000
      0.328502     1.2371478E-003     0.0000000E+000
      0.330692     1.2576118E-003     0.0000000E+000
      0.332897     1.2643549E-003     0.0000000E+000
      0.335116     1.2954555E-003     0.0000000E+000
      0.337350     1.3012246E-003     0.0000000E+000
      0.339599     1.2780255E-003     0.0000000E+000
      0.341863     1.2671863E-003     0.0000000E+000
      0.344142     1.2559240E-003     0.0000000E+000
      0.346437     1.2498409E-003     0.0000000E+000
      0.348746     1.2586986E-003     0.0000000E+000
      0.351071     1.2435523E-003     0.0000000E+000
      0.353412     1.2569650E-003     0.0000000E+000
      0.355768     1.2686215E-003     0.0000000E+000
      0.358139     1.2875784E-003     0.0000000E+000
      0.360527     1.3162084E-003     0.0000000E+000
      0.362931     1.3744654E-003     0.0000000E+000
      0.365350     1.3695415E-003     0.0000000E+000
      0.367786     1.3431362E-003     0.0000000E+000
      0.370238     1.3103322E-003     0.0000000E+000
      0.372706     1.2978305E-003     0.0000000E+000
      0.375191     1.2931864E-003     0.0000000E+000
      0.377692     1.3173516E-003     0.0000000E+000
      0.380210     1.3104733E-003     0.0000000E+000
      0.382745     1.3104020E-003     0.0000000E+000
      0.385296     1.2934634E-003     0.0000000E+000
      0.387865     1.2807320E-003     0.0000000E+000
      0.390451     1.2912285E-003     0.0000000E+000
      0.393054     1.3324287E-003     0.0000000E+000
      0.395674     1.4007472E-003     0.0000000E+000
      0.398312     1.4490078E-003     0.0000000E+000
      0.400967     1.4460406E-003     0.0000000E+000
      0.403640     1.4176278E-003     0.0000000E+000
      0.406331     1.3794316E-003     0.0000000E+000
      0.409040     1.3382536E-003     0.0000000E+000
      0.411767     1.3191626E-003     0.0000000E+000
      0.414512     1.3523092E-003     0.0000000E+000
      0.417276     1.4095832E-003     0.0000000E+000
      0.420057     1.4042615E-003     0.0000000E+000
      0.422858     1.3926159E-003     0.0000000E+000
      0.425677     1.3888608E-003     0.0000000E+000
      0.428515     1.3632316E-003     0.0000000E+000
      0.431371     1.3444774E-003     0.0000000E+000
      0.434247     1.3318254E-003     0.0000000E+000
      0.437142     1.3779961E-003     0.0000000E+000
      0.440057     1.4717284E-003     0.0000000E+000
      0.442990     1.5388366E-003     0.0000000E+000
      0.445944     1.5361006E-003     0.0000000E+000
      0.448916     1.5160806E-003     0.0000000E+000
      0.451909     1.4860597E-003     0.0000000E+000
      0.454922     1.4503016E-003     0.0000000E+000
      0.457955     1.4110967E-003     0.0000000E+000
      0.461008     1.3835315E-003     0.0000000E+000
      0.464081     1.4012626E-003     0.0000000E+000
      0.467175     1.4635830E-003     0.0000000E+000
      0.470290     1.5111996E-003     0.0000000E+000
      0.473425     1.5057749E-003     0.0000000E+000
      0.476581     1.4958681E-003     0.0000000E+000
      0.479758     1.4699324E-003     0.0000000E+000
      0.482957     1.4532643E-003     0.0000000E+000
      0.486176     1.5000843E-003     0.0000000E+000
      0.489417     1.4721356E-003     0.0000000E+000
      0.492680     1.4796914E-003     0.0000000E+000
      0.495965     1.4788637E-003     0.0000000E+000
      0.499271     1.5440346E-003     0.0000000E+000
      0.502600     1.6317522E-003     0.0000000E+000
      0.505950     1.6362373E-003     0.0000000E+000
      0.509323     1.6300071E-003     0.0000000E+000
      0.512719     1.6139239E-003     0.0000000E+000
      0.516137     1.5778657E-003     0.0000000E+000
      0.519578     1.5331670E-003     0.0000000E+000
      0.523042     1.5115638E-003     0.0000000E+000
      0.526529     1.5030170E-003     0.0000000E+000
      0.530039     1.5102973E-003     0.0000000E+000
      0.533572     1.5110600E-003     0.0000000E+000
      0.537130     1.5468374E-003     0.0000000E+000
      0.540711     1.6161422E-003     0.0000000E+000
      0.544315     1.6169775E-003     0.0000000E+000
      0.547944     1.6124437E-003     0.0000000E+000
      0.551597     1.5992485E-003     0.0000000E+000
      0.555274     1.5723943E-003     0.0000000E+000
      0.558976     1.5443857E-003     0.0000000E+000
      0.562703     1.5318679E-003     0.0000000E+000
      0.566454     1.5661377E-003     0.0000000E+000
      0.570230     1.6356226E-003     0.0000000E+000
      0.574032     1.6251407E-003     0.0000000E+000
      0.577859     1.6289170E-003     0.0000000E+000
      0.581711     1.6549449E-003     0.0000000E+000
      0.585589     1.6799194E-003     0.0000000E+000
      0.589493     1.7939819E-003     0.0000000E+000
      0.593423     1.7560098E-003     0.0000000E+000
      0.597379     1.7507484E-003     0.0000000E+000
      0.601362     1.7388138E-003     0.0000000E+000
      0.605371     1.7026116E-003     0.0000000E+000
      0.609407     1.6624277E-003     0.0000000E+000
      0.613469     1.6200452E-003     0.0000000E+000
      0.617559     1.5998254E-003     0.0000000E+000
      0.621676     1.5930415E-003     0.0000000E+000
      0.625821     1.6385958E-003     0.0000000E+000
      0.629993     1.6222430E-003     0.0000000E+000
      0.634193     1.6406213E-003     0.0000000E+000
      0.638421     1.6607105E-003     0.0000000E+000
      0.642677     1.6863714E-003     0.0000000E+000
      0.646961     1.7652311E-003     0.0000000E+000
      0.651275     1.7386765E-003     0.0000000E+000
      0.655616     1.7318659E-003     0.0000000E+000
      0.659987     1.7179032E-003     0.0000000E+000
      0.664387     1.6997532E-003     0.0000000E+000
      0.668816     1.6702697E-003     0.0000000E+000
      0.673275     1.6433459E-003     0.0000000E+000
      0.677764     1.6331879E-003     0.0000000E+000
      0.682282     1.6351748E-003     0.0000000E+000
      0.686831     1.6292613E-003     0.0000000E+000
      0.691409     1.7589401E-003     0.0000000E+000
      0.696019     1.7689708E-003     0.0000000E+000
      0.700659     1.7775478E-003     0.0000000E+000
      0.705330     1.7911411E-003     0.0000000E+000
      0.710032     1.8132434E-003     0.0000000E+000
      0.714766     1.8803990E-003     0.0000000E+000
      0.719531     1.9394585E-003     0.0000000E+000
      0.724328     1.9116689E-003     0.0000000E+000
      0.729157     1.9003534E-003     0.0000000E+000
      0.734018     1.8838793E-003     0.0000000E+000
      0.738911     1.8720790E-003     0.0000000E+000
      0.743837     1.8430108E-003     0.0000000E+000
      0.748796     1.8172311E-003     0.0000000E+000
      0.753788     1.7892746E-003     0.0000000E+000
      0.758813     1.7554991E-003     0.0000000E+000
      0.763872     1.7188262E-003     0.0000000E+000
      0.768964     1.6961155E-003     0.0000000E+000
      0.774091     1.6794043E-003     0.0000000E+000
      0.779252     1.7065598E-003     0.0000000E+000
      0.784447     1.7411234E-003     0.0000000E+000
      0.789676     1.7451132E-003     0.0000000E+000
      0.794941     1.7582576E-003     0.0000000E+000
      0.800240     1.8056635E-003     0.0000000E+000
      0.805575     1.8315361E-003     0.0000000E+000
      0.810946     1.9304320E-003     0.0000000E+000
      0.816352     1.9252759E-003     0.0000000E+000
      0.821794     1.9196639E-003     0.0000000E+000
      0.827273     1.9004841E-003     0.0000000E+000
      0.832788     1.9059694E-003     0.0000000E+000
      0.838340     1.8947939E-003     0.0000000E+000
      0.843929     1.8774689E-003     0.0000000E+000
      0.849555     1.8566000E-003     0.0000000E+000
      0.855219     1.8304566E-003     0.0000000E+000
      0.860920     1.8067795E-003     0.0000000E+000
      0.866660     1.7926370E-003     0.0000000E+000
      0.872438     1.7913718E-003     0.0000000E+000
      0.878254     1.7833823E-003     0.0000000E+000
      0.884109     1.7946360E-003     0.0000000E+000
      0.890003     1.8819493E-003     0.0000000E+000
      0.895936     1.9286607E-003     0.0000000E+000
      0.901909     1.9275225E-003     0.0000000E+000
      0.907922     1.9117386E-003     0.0000000E+000
      0.913975     1.9664734E-003     0.0000000E+000
      0.920068     1.9721173E-003     0.0000000E+000
      0.926202     2.0666204E-003     0.0000000E+000
      0.932376     2.1512879E-003     0.0000000E+000
      0.938592     2.1462963E-003     0.0000000E+000
      0.944849     2.1126929E-003     0.0000000E+000
      0.951148     2.1122746E-003     0.0000000E+000
      0.957489     2.1286245E-003     0.0000000E+000
      0.963873     2.1063248E-003     0.0000000E+000
      0.970299     2.0845063E-003     0.0000000E+000
      0.976767     2.0782139E-003     0.0000000E+000
      0.983279     2.0625811E-003     0.0000000E+000
      0.989834     2.0313387E-003     0.0000000E+000
      0.996433     2.0085201E-003     0.0000000E+000
      1.003076     1.9791190E-003     0.0000000E+000
      1.009763     1.9393188E-003     0.0000000E+000
      1.016495     1.9055374E-003     0.0000000E+000
      1.023272     1.8756969E-003     0.0000000E+000
      1.030093     1.8530126E-003     0.0000000E+000
      1.036961     1.8249003E-003     0.0000000E+000
      1.043874     1.8202101E-003     0.0000000E+000
      1.050833     1.8177309E-003     0.0000000E+000
      1.057838     1.8102154E-003     0.0000000E+000
      1.064891     1.8187816E-003     0.0000000E+000
      1.071990     1.8269018E-003     0.0000000E+000
      1.079137     1.8490021E-003     0.0000000E+000
      1.086331     1.8961083E-003     0.0000000E+000
      1.093573     2.0258890E-003     0.0000000E+000
      1.100863     2.0772854E-003     0.0000000E+000
      1.108203     2.1007349E-003     0.0000000E+000
      1.115591     2.1467085E-003     0.0000000E+000
      1.123028     2.1488790E-003     0.0000000E+000
      1.130515     2.1583864E-003     0.0000000E+000
      1.138051     2.1571517E-003     0.0000000E+000
      1.145638     2.1490825E-003     0.0000000E+000
      1.153276     2.1456721E-003     0.0000000E+000
      1.160965     2.1395693E-003     0.0000000E+000
      1.168704     2.1382677E-003     0.0000000E+000
      1.176496     2.1291531E-003     0.0000000E+000
      1.184339     2.1017220E-003     0.0000000E+000
      1.192235     2.0664584E-003     0.0000000E+000
      1.200183     2.0336419E-003     0.0000000E+000
      1.208184     2.0132872E-003     0.0000000E+000
      1.216239     1.9849284E-003     0.0000000E+000
      1.224347     1.9698294E-003     0.0000000E+000
      1.232509     1.9438682E-003     0.0000000E+000
      1.240726     1.9245133E-003     0.0000000E+000
      1.248997     1.8995973E-003     0.0000000E+000
      1.257324     1.8900202E-003     0.0000000E+000
      1.265706     1.8969957E-003     0.0000000E+000
      1.274144     1.9102614E-003     0.0000000E+000
      1.282639     1.9318393E-003     0.0000000E+000
      1.291189     1.9564687E-003     0.0000000E+000
      1.299797     1.9730396E-003     0.0000000E+000
      1.308463     1.9875546E-003     0.0000000E+000
      1.317186     2.0241752E-003     0.0000000E+000
      1.325967     2.0697941E-003     0.0000000E+000
      1.334807     2.2459044E-003     0.0000000E+000
      1.343706     2.3061345E-003     0.0000000E+000
      1.352664     2.3588666E-003     0.0000000E+000
      1.361681     2.3853664E-003     0.0000000E+000
      1.370759     2.3892520E-003     0.0000000E+000
      1.379898     2.3733814E-003     0.0000000E+000
      1.389097     2.3594431E-003     0.0000000E+000
      1.398358     2.3747806E-003     0.0000000E+000
      1.407680     2.3993028E-003     0.0000000E+000
      1.417064     2.4138587E-003     0.0000000E+000
      1.426512     2.4155108E-003     0.0000000E+000
      1.436022     2.4115373E-003     0.0000000E+000
      1.445595     2.3829740E-003     0.0000000E+000
      1.455232     2.3247862E-003     0.0000000E+000
      1.464934     2.3341199E-003     0.0000000E+000
      1.474700     2.3055267E-003     0.0000000E+000
      1.484532     2.2958533E-003     0.0000000E+000
      1.494428     2.2704047E-003     0.0000000E+000
      1.504391     2.2528788E-003     0.0000000E+000
      1.514421     2.2142340E-003     0.0000000E+000
      1.524517     2.1874690E-003     0.0000000E+000
      1.534680     2.1579870E-003     0.0000000E+000
      1.544911     2.1206349E-003     0.0000000E+000
      1.555211     2.0879421E-003     0.0000000E+000
      1.565579     2.0483367E-003     0.0000000E+000
      1.576016     2.0200656E-003     0.0000000E+000
      1.586523     1.9906602E-003     0.0000000E+000
      1.597100     1.9754453E-003     0.0000000E+000
      1.607747     1.9625518E-003     0.0000000E+000
      1.618465     1.9591631E-003     0.0000000E+000
      1.629255     1.9566669E-003     0.0000000E+000
      1.640117     1.9507476E-003     0.0000000E+000
      1.651051     1.9545635E-003     0.0000000E+000
      1.662058     1.9694004E-003     0.0000000E+000
      1.673138     1.9679332E-003     0.0000000E+000
      1.684292     1.9512686E-003     0.0000000E+000
      1.695521     1.9738662E-003     0.0000000E+000
      1.706825     1.9880873E-003     0.0000000E+000
      1.718203     2.0449465E-003     0.0000000E+000
      1.729658     2.0826084E-003     0.0000000E+000
      1.741189     2.1027102E-003     0.0000000E+000
      1.752797     2.1255263E-003     0.0000000E+000
      1.764482     2.1602920E-003     0.0000000E+000
      1.776246     2.2037388E-003     0.0000000E+000
      1.788087     2.2361752E-003     0.0000000E+000
      1.800008     2.2588197E-003     0.0000000E+000
      1.812008     2.2798890E-003     0.0000000E+000
      1.824088     2.2974455E-003     0.0000000E+000
      1.836248     2.3084607E-003     0.0000000E+000
      1.848490     2.3411045E-003     0.0000000E+000
      1.860813     2.3819621E-003     0.0000000E+000
      1.873219     2.3483541E-003     0.0000000E+000
      1.885707     2.3013123E-003     0.0000000E+000
      1.898278     2.2848589E-003     0.0000000E+000
      1.910934     2.2659792E-003     0.0000000E+000
      1.923673     2.2695371E-003     0.0000000E+000
      1.936498     2.3141206E-003     0.0000000E+000
      1.949408     2.3196513E-003     0.0000000E+000
      1.962404     2.3101973E-003     0.0000000E+000
      1.975486     2.3052814E-003     0.0000000E+000
      1.988656     2.2941596E-003     0.0000000E+000
      2.001914     2.2785992E-003     0.0000000E+000
      2.015260     2.2557177E-003     0.0000000E+000
      2.028695     2.2223991E-003     0.0000000E+000
      2.042220     2.1759190E-003     0.0000000E+000
      2.055834     2.1456189E-003     0.0000000E+000
      2.069540     2.1125153E-003     0.0000000E+000
      2.083337     2.0754356E-003     0.0000000E+000
      2.097226     2.0553229E-003     0.0000000E+000
      2.111207     2.0270205E-003     0.0000000E+000
      2.125282     2.0092533E-003     0.0000000E+000
      2.139451     1.9874743E-003     0.0000000E+000
      2.153714     1.9920047E-003     0.0000000E+000
      2.168072     1.9851851E-003     0.0000000E+000
      2.182526     1.9945535E-003     0.0000000E+000
      2.197076     2.0123080E-003     0.0000000E+000
      2.211723     2.0154866E-003     0.0000000E+000
      2.226468     2.0233641E-003     0.0000000E+000
      2.241311     2.0312955E-003     0.0000000E+000
      2.256253     2.0275165E-003     0.0000000E+000
      2.271295     2.0372829E-003     0.0000000E+000
      2.286437     2.0434400E-003     0.0000000E+000
      2.301679     2.0343971E-003     0.0000000E+000
      2.317024     2.0543785E-003     0.0000000E+000
      2.332471     2.0535960E-003     0.0000000E+000
      2.348021     2.0984187E-003     0.0000000E+000
      2.363674     2.1094323E-003     0.0000000E+000
      2.379432     2.1375203E-003     0.0000000E+000
      2.395295     2.1149057E-003     0.0000000E+000
      2.411263     2.1713124E-003     0.0000000E+000
      2.427339     2.1954499E-003     0.0000000E+000
      2.443521     2.2380778E-003     0.0000000E+000
      2.459811     2.2671582E-003     0.0000000E+000
      2.476210     2.3113921E-003     0.0000000E+000
      2.492718     2.3330759E-003     0.0000000E+000
      2.509336     2.4050379E-003     0.0000000E+000
      2.526065     2.4033239E-003     0.0000000E+000
      2.542905     2.4392689E-003     0.0000000E+000
      2.559858     2.4644859E-003     0.0000000E+000
      2.576924     2.4385898E-003     0.0000000E+000
      2.594103     2.4388356E-003     0.0000000E+000
      2.611397     2.4156637E-003     0.0000000E+000
      2.628806     2.4277406E-003     0.0000000E+000
      2.646332     2.4252557E-003     0.0000000E+000
      2.663974     2.4777040E-003     0.0000000E+000
      2.681734     2.5141117E-003     0.0000000E+000
      2.699612     2.5498275E-003     0.0000000E+000
      2.717610     2.5402278E-003     0.0000000E+000
      2.735727     2.4990711E-003     0.0000000E+000
      2.753965     2.4722944E-003     0.0000000E+000
      2.772325     2.5190461E-003     0.0000000E+000
      2.790807     2.4979958E-003     0.0000000E+000
      2.809412     2.5372971E-003     0.0000000E+000
      2.828142     2.5189276E-003     0.0000000E+000
      2.846996     2.5305823E-003     0.0000000E+000
      2.865976     2.4791919E-003     0.0000000E+000
      2.885083     2.4872025E-003     0.0000000E+000
      2.904316     2.5150519E-003     0.0000000E+000
      2.923679     2.4837619E-003     0.0000000E+000
      2.943170     2.4612349E-003     0.0000000E+000
      2.962791     2.4730403E-003     0.0000000E+000
      2.982543     2.4320689E-003     0.0000000E+000
      3.002426     2.4372805E-003     0.0000000E+000
      3.022443     2.3919033E-003     0.0000000E+000
      3.042592     2.4096102E-003     0.0000000E+000
      3.062876     2.3624092E-003     0.0000000E+000
      3.083295     2.3305988E-003     0.0000000E+000
      3.103851     2.3361632E-003     0.0000000E+000
      3.124543     2.3020550E-003     0.0000000E+000
      3.145373     2.3081582E-003     0.0000000E+000
      3.166342     2.2818735E-003     0.0000000E+000
      3.187451     2.2653202E-003     0.0000000E+000
      3.208701     2.2777677E-003     0.0000000E+000
      3.230092     2.2448980E-003     0.0000000E+000
      3.251626     2.2101788E-003     0.0000000E+000
      3.273304     2.2111064E-003     0.0000000E+000
      3.295126     2.2155345E-003     0.0000000E+000
      3.317093     2.2244089E-003     0.0000000E+000
      3.339207     2.2080252E-003     0.0000000E+000
      3.361469     2.1972733E-003     0.0000000E+000
      3.383879     2.1985503E-003     0.0000000E+000
      3.406438     2.1963340E-003     0.0000000E+000
      3.429147     2.1852986E-003     0.0000000E+000
      3.452008     2.1701820E-003     0.0000000E+000
      3.475022     2.1587553E-003     0.0000000E+000
      3.498188     2.1510638E-003     0.0000000E+000
      3.521510     2.1342019E-003     0.0000000E+000
      3.544986     2.1204184E-003     0.0000000E+000
      3.568620     2.0985479E-003     0.0000000E+000
      3.592411     2.0908120E-003     0.0000000E+000
      3.616360     2.0725524E-003     0.0000000E+000
      3.640469     2.0524206E-003     0.0000000E+000
      3.664739     2.0456434E-003     0.0000000E+000
      3.689170     2.0355351E-003     0.0000000E+000
      3.713765     2.0115240E-003     0.0000000E+000
      3.738523     2.0164354E-003     0.0000000E+000
      3.763447     2.0075135E-003     0.0000000E+000
      3.788536     1.9858888E-003     0.0000000E+000
      3.813793     1.9902150E-003     0.0000000E+000
      3.839219     1.9866496E-003     0.0000000E+000
      3.864813     1.9636881E-003     0.0000000E+000
      3.890579     1.9710165E-003     0.0000000E+000
      3.916516     1.9603220E-003     0.0000000E+000
      3.942626     1.9640391E-003     0.0000000E+000
      3.968910     1.9663112E-003     0.0000000E+000
      3.995370     1.9728775E-003     0.0000000E+000
      4.022005     1.9806755E-003     0.0000000E+000
      4.048819     1.9920677E-003     0.0000000E+000
      4.075811     2.0266292E-003     0.0000000E+000
      4.102983     2.0370276E-003     0.0000000E+000
      4.130336     2.0646432E-003     0.0000000E+000
      4.157872     2.0955339E-003     0.0000000E+000
      4.185591     2.2045581E-003     0.0000000E+000
      4.213495     2.3254953E-003     0.0000000E+000
      4.241585     2.4281586E-003     0.0000000E+000
      4.269862     2.4944060E-003     0.0000000E+000
      4.298328     2.5351428E-003     0.0000000E+000
      4.326983     2.5470711E-003     0.0000000E+000
      4.355830     2.5370399E-003     0.0000000E+000
      4.384869     2.5221803E-003     0.0000000E+000
      4.414101     2.4890415E-003     0.0000000E+000
      4.443529     2.4703030E-003     0.0000000E+000
      4.473152     2.4136177E-003     0.0000000E+000
      4.502973     2.3788115E-003     0.0000000E+000
      4.532993     2.3317465E-003     0.0000000E+000
      4.563213     2.2895144E-003     0.0000000E+000
      4.593634     2.2554303E-003     0.0000000E+000
      4.624259     2.2677245E-003     0.0000000E+000
      4.655087     2.2857387E-003     0.0000000E+000
      4.686121     2.2766939E-003     0.0000000E+000
      4.717362     2.3022500E-003     0.0000000E+000
      4.748811     2.2438195E-003     0.0000000E+000
      4.780470     2.2892042E-003     0.0000000E+000
      4.812339     2.2625008E-003     0.0000000E+000
      4.844422     2.2697926E-003     0.0000000E+000
      4.876718     2.2723262E-003     0.0000000E+000
      4.909229     2.2755321E-003     0.0000000E+000
      4.941957     2.3042879E-003     0.0000000E+000
      4.974904     2.2852050E-003     0.0000000E+000
      5.008070     2.3290346E-003     0.0000000E+000
      5.041457     2.2819881E-003     0.0000000E+000
      5.075067     2.3024231E-003     0.0000000E+000
      5.108900     2.3068333E-003     0.0000000E+000
      5.142960     2.3616128E-003     0.0000000E+000
      5.177246     2.3085511E-003     0.0000000E+000
      5.211761     2.3596301E-003     0.0000000E+000
      5.246506     2.3173591E-003     0.0000000E+000
      5.281483     2.3785596E-003     0.0000000E+000
      5.316693     2.3095118E-003     0.0000000E+000
      5.352137     2.3713926E-003     0.0000000E+000
      5.387818     2.3513850E-003     0.0000000E+000
      5.423737     2.4271094E-003     0.0000000E+000
      5.459895     2.3638613E-003     0.0000000E+000
      5.496295     2.3562116E-003     0.0000000E+000
      5.532937     2.4124419E-003     0.0000000E+000
      5.569823     2.4259295E-003     0.0000000E+000
      5.606955     2.3863347E-003     0.0000000E+000
      5.644335     2.3586028E-003     0.0000000E+000
      5.681964     2.3964021E-003     0.0000000E+000
      5.719843     2.4344510E-003     0.0000000E+000
      5.757976     2.3719790E-003     0.0000000E+000
      5.796362     2.3799673E-003     0.0000000E+000
      5.835005     2.4124902E-003     0.0000000E+000
      5.873905     2.4146869E-003     0.0000000E+000
      5.913064     2.3727408E-003     0.0000000E+000
      5.952484     2.4001885E-003     0.0000000E+000
      5.992168     2.3226317E-003     0.0000000E+000
      6.032115     2.3829838E-003     0.0000000E+000
      6.072330     2.3020300E-003     0.0000000E+000
      6.112812     2.2982945E-003     0.0000000E+000
      6.153564     2.3109021E-003     0.0000000E+000
      6.194588     2.2596612E-003     0.0000000E+000
      6.235885     2.2660950E-003     0.0000000E+000
      6.277457     2.2474371E-003     0.0000000E+000
      6.319307     2.2385683E-003     0.0000000E+000
      6.361436     2.2636669E-003     0.0000000E+000
      6.403845     2.3292273E-003     0.0000000E+000
      6.446538     2.3172414E-003     0.0000000E+000
      6.489515     2.4516687E-003     0.0000000E+000
      6.532778     2.4304454E-003     0.0000000E+000
      6.576330     2.5125677E-003     0.0000000E+000
      6.620172     2.5641810E-003     0.0000000E+000
      6.664307     2.4791787E-003     0.0000000E+000
      6.708735     2.4568524E-003     0.0000000E+000
      6.753460     2.4276076E-003     0.0000000E+000
      6.798483     2.4720738E-003     0.0000000E+000
      6.843806     2.5006592E-003     0.0000000E+000
      6.889432     2.4294186E-003     0.0000000E+000
      6.935361     2.4113308E-003     0.0000000E+000
      6.981597     2.3712103E-003     0.0000000E+000
      7.028141     2.4310084E-003     0.0000000E+000
      7.074995     2.4249229E-003     0.0000000E+000
      7.122162     2.4062354E-003     0.0000000E+000
      7.169643     2.3583240E-003     0.0000000E+000
      7.217441     2.3878583E-003     0.0000000E+000
      7.265557     2.3783157E-003     0.0000000E+000
      7.313994     2.3788641E-003     0.0000000E+000
      7.362754     2.3821504E-003     0.0000000E+000
      7.411839     2.3451881E-003     0.0000000E+000
      7.461251     2.3704547E-003     0.0000000E+000
      7.510993     2.3466640E-003     0.0000000E+000
      7.561066     2.3491334E-003     0.0000000E+000
      7.611473     2.4014778E-003     0.0000000E+000
      7.662217     2.3385813E-003     0.0000000E+000
      7.713298     2.3552383E-003     0.0000000E+000
      7.764720     2.3611975E-003     0.0000000E+000
      7.816485     2.3157119E-003     0.0000000E+000
      7.868595     2.4104659E-003     0.0000000E+000
      7.921052     2.3279531E-003     0.0000000E+000
      7.973859     2.3492738E-003     0.0000000E+000
      8.027018     2.3377763E-003     0.0000000E+000
      8.080531     2.3134409E-003     0.0000000E+000
      8.134402     2.2997806E-003     0.0000000E+000
      8.188631     2.3369113E-003     0.0000000E+000
      8.243222     2.2935747E-003     0.0000000E+000
      8.298177     2.2863123E-003     0.0000000E+000
      8.353498     2.3340964E-003     0.0000000E+000
      8.409188     2.2362535E-003     0.0000000E+000
      8.465249     2.2462923E-003     0.0000000E+000
      8.521684     2.2611045E-003     0.0000000E+000
      8.578495     2.2298324E-003     0.0000000E+000
      8.635685     2.1916733E-003     0.0000000E+000
      8.693257     2.2162021E-003     0.0000000E+000
      8.751212     2.2078088E-003     0.0000000E+000
      8.809553     2.2201392E-003     0.0000000E+000
      8.868283     2.1636953E-003     0.0000000E+000
      8.927405     2.1784628E-003     0.0000000E+000
      8.986921     2.1869327E-003     0.0000000E+000
      9.046834     2.1792238E-003     0.0000000E+000
      9.107146     2.1625920E-003     0.0000000E+000
      9.167861     2.1497749E-003     0.0000000E+000
      9.228980     2.1636946E-003     0.0000000E+000
      9.290506     2.1571406E-003     0.0000000E+000
      9.352443     2.1215360E-003     0.0000000E+000
      9.414793     2.1666684E-003     0.0000000E+000
      9.477558     2.1424588E-003     0.0000000E+000
      9.540742     2.0880367E-003     0.0000000E+000
      9.604346     2.1368388E-003     0.0000000E+000
      9.668375     2.1185465E-003     0.0000000E+000
      9.732831     2.1008750E-003     0.0000000E+000
      9.797717     2.1011139E-003     0.0000000E+000
      9.863035     2.1332902E-003     0.0000000E+000
      9.928789     2.0988443E-003     0.0000000E+000
      9.994980     2.0897543E-003     0.0000000E+000
     10.061614     2.1010652E-003     0.0000000E+000
     10.128691     2.0470786E-003     0.0000000E+000
     10.196216     2.0466689E-003     0.0000000E+000
     10.264190     2.0820541E-003     0.0000000E+000
     10.332618     2.0980969E-003     0.0000000E+000
     10.401503     2.1435796E-003     0.0000000E+000
     10.470846     2.0976751E-003     0.0000000E+000
     10.540651     2.0771301E-003     0.0000000E+000
     10.610923     2.1116130E-003     0.0000000E+000
     10.681662     2.0548660E-003     0.0000000E+000
     10.752873     2.0897630E-003     0.0000000E+000
     10.824559     2.0519402E-003     0.0000000E+000
     10.896723     2.0985843E-003     0.0000000E+000
     10.969367     2.1645263E-003     0.0000000E+000
     11.042497     2.1475013E-003     0.0000000E+000
     11.116113     2.0702289E-003     0.0000000E+000
     11.190221     2.1130082E-003     0.0000000E+000
     11.264822     2.0929849E-003     0.0000000E+000
     11.339921     2.1230935E-003     0.0000000E+000
     11.415520     2.0674129E-003     0.0000000E+000
     11.491624     2.0742491E-003     0.0000000E+000
     11.568235     2.1221033E-003     0.0000000E+000
     11.645356     2.1319448E-003     0.0000000E+000
     11.722992     2.1960108E-003     0.0000000E+000
     11.801145     2.1271257E-003     0.0000000E+000
     11.879820     2.1342509E-003     0.0000000E+000
     11.959018     2.1133501E-003     0.0000000E+000
     12.038745     2.1328945E-003     0.0000000E+000
     12.119003     2.1500982E-003     0.0000000E+000
     12.199797     2.0889930E-003     0.0000000E+000
     12.281129     2.1772335E-003     0.0000000E+000
     12.363003     2.1630457E-003     0.0000000E+000
     12.445423     2.1959729E-003     0.0000000E+000
     12.528392     2.2134905E-003     0.0000000E+000
     12.611915     2.2235453E-003     0.0000000E+000
     12.695994     2.1781420E-003     0.0000000E+000
     12.780634     2.2062267E-003     0.0000000E+000
     12.865839     2.2012345E-003     0.0000000E+000
     12.951611     2.1956466E-003     0.0000000E+000
     13.037955     2.2335596E-003     0.0000000E+000
     13.124875     2.1962927E-003     0.0000000E+000
     13.212374     2.2690175E-003     0.0000000E+000
     13.300456     2.2811237E-003     0.0000000E+000
     13.389126     2.2164048E-003     0.0000000E+000
     13.478387     2.3362415E-003     0.0000000E+000
     13.568243     2.2919390E-003     0.0000000E+000
     13.658698     2.2831400E-003     0.0000000E+000
     13.749756     2.2724568E-003     0.0000000E+000
     13.841421     2.3235956E-003     0.0000000E+000
     13.933697     2.2921748E-003     0.0000000E+000
     14.026588     2.3216634E-003     0.0000000E+000
     14.120099     2.3411001E-003     0.0000000E+000
     14.214233     2.3321942E-003     0.0000000E+000
     14.308994     2.3414375E-003     0.0000000E+000
     14.404388     2.3419186E-003     0.0000000E+000
     14.500417     2.3869146E-003     0.0000000E+000
     14.597086     2.3568834E-003     0.0000000E+000
     14.694400     2.3708586E-003     0.0000000E+000
     14.792363     2.3567861E-003     0.0000000E+000
     14.890979     2.5033383E-003     0.0000000E+000
     14.990252     2.4130501E-003     0.0000000E+000
     15.090187     2.3440056E-003     0.0000000E+000
     15.190788     2.4008850E-003     0.0000000E+000
     15.292060     2.3822319E-003     0.0000000E+000
     15.394007     2.3687839E-003     0.0000000E+000
     15.496634     2.3272136E-003     0.0000000E+000
     15.599945     2.3928514E-003     0.0000000E+000
     15.703944     2.3324176E-003     0.0000000E+000
     15.808637     2.3366824E-003     0.0000000E+000
     15.914028     2.2740407E-003     0.0000000E+000
     16.020122     2.3554055E-003     0.0000000E+000
     16.126923     2.3211265E-003     0.0000000E+000
     16.234435     2.3947699E-003     0.0000000E+000
     16.342665     2.3141105E-003     0.0000000E+000
     16.451616     2.3374199E-003     0.0000000E+000
     16.561294     2.3237855E-003     0.0000000E+000
     16.671702     2.3402011E-003     0.0000000E+000
     16.782847     2.3087026E-003     0.0000000E+000
     16.894732     2.3079025E-003     0.0000000E+000
     17.007364     2.2509736E-003     0.0000000E+000
     17.120746     2.3039759E-003     0.0000000E+000
     17.234885     2.3515328E-003     0.0000000E+000
     17.349784     2.3610624E-003     0.0000000E+000
     17.465449     2.3021882E-003     0.0000000E+000
     17.581886     2.3443904E-003     0.0000000E+000
     17.699098     2.3277620E-003     0.0000000E+000
     17.817092     2.2792128E-003     0.0000000E+000
     17.935873     2.2996213E-003     0.0000000E+000
     18.055445     2.2884028E-003     0.0000000E+000
     18.175815     2.3159754E-003     0.0000000E+000
     18.296987     2.2741543E-003     0.0000000E+000
     18.418967     2.3167168E-003     0.0000000E+000
     18.541760     2.3779141E-003     0.0000000E+000
     18.665372     2.3544472E-003     0.0000000E+000
     18.789808     2.2742698E-003     0.0000000E+000
     18.915073     2.2840529E-003     0.0000000E+000
     19.041173     2.2618000E-003     0.0000000E+000
     19.168115     2.2819564E-003     0.0000000E+000
     19.295902     2.3525243E-003     0.0000000E+000
     19.424541     2.3784887E-003     0.0000000E+000
     19.554038     2.2809747E-003     0.0000000E+000
     19.684399     2.2885564E-003     0.0000000E+000
     19.815628     2.3258772E-003     0.0000000E+000
     19.947732     2.3268560E-003     0.0000000E+000
     20.080717     2.2536839E-003     0.0000000E+000
     20.214588     2.3364042E-003     0.0000000E+000
     20.349352     2.3640998E-003     0.0000000E+000
     20.485015     2.3379766E-003     0.0000000E+000
     20.621581     2.2868359E-003     0.0000000E+000
     20.759059     2.3045777E-003     0.0000000E+000
     20.897452     2.2738185E-003     0.0000000E+000
     21.036769     2.3684487E-003     0.0000000E+000
     21.177014     2.3994989E-003     0.0000000E+000
     21.318194     2.3447815E-003     0.0000000E+000
     21.460315     2.2451331E-003     0.0000000E+000
     21.603384     2.3917914E-003     0.0000000E+000
     21.747407     2.3279833E-003     0.0000000E+000
     21.892389     2.3687965E-003     0.0000000E+000
     22.038338     2.3343121E-003     0.0000000E+000
     22.185261     2.3577333E-003     0.0000000E+000
     22.333162     2.3603732E-003     0.0000000E+000
     22.482050     2.3209084E-003     0.0000000E+000
     22.631931     2.3717564E-003     0.0000000E+000
     22.782810     2.2553409E-003     0.0000000E+000
     22.934695     2.3900048E-003     0.0000000E+000
     23.087593     2.2696615E-003     0.0000000E+000
     23.241511     2.2707514E-003     0.0000000E+000
     23.396454     2.2728763E-003     0.0000000E+000
     23.552431     2.4154017E-003     0.0000000E+000
     23.709447     2.3387176E-003     0.0000000E+000
     23.867510     2.4539496E-003     0.0000000E+000
     24.026626     2.2965617E-003     0.0000000E+000
     24.186804     2.2617446E-003     0.0000000E+000
     24.348049     2.3044521E-003     0.0000000E+000
     24.510370     2.3444952E-003     0.0000000E+000
     24.673772     2.3281769E-003     0.0000000E+000
     24.838264     2.2703661E-003     0.0000000E+000
     25.003852     2.4263023E-003     0.0000000E+000
     25.170545     2.3707554E-003     0.0000000E+000
     25.338348     2.3746639E-003     0.0000000E+000
     25.507271     2.3419578E-003     0.0000000E+000
     25.677319     2.3325995E-003     0.0000000E+000
     25.848501     2.2707428E-003     0.0000000E+000
     26.020825     2.3765113E-003     0.0000000E+000
     26.194297     2.2842143E-003     0.0000000E+000
     26.368925     2.2591413E-003     0.0000000E+000
     26.544718     2.4210293E-003     0.0000000E+000
     26.721683     2.4732785E-003     0.0000000E+000
     26.899828     2.2594385E-003     0.0000000E+000
     27.079160     2.3468751E-003     0.0000000E+000
     27.259687     2.3759594E-003     0.0000000E+000
     27.441419     2.2298743E-003     0.0000000E+000
     27.624362     2.2564666E-003     0.0000000E+000
     27.808524     2.3006698E-003     0.0000000E+000
     27.993914     2.4101791E-003     0.0000000E+000
     28.180540     2.3953678E-003     0.0000000E+000
     28.368410     2.4588529E-003     0.0000000E+000
     28.557533     2.4209533E-003     0.0000000E+000
     28.747917     2.2848568E-003     0.0000000E+000
     28.939570     2.2759018E-003     0.0000000E+000
     29.132500     2.3170293E-003     0.0000000E+000
     29.326717     2.3273590E-003     0.0000000E+000
     29.522228     2.3948686E-003     0.0000000E+000
     29.719043     2.2838570E-003     0.0000000E+000
     29.917170     2.3264063E-003     0.0000000E+000
     30.116618     2.3823238E-003     0.0000000E+000
     30.317395     2.2518479E-003     0.0000000E+000
     30.519511     2.4478210E-003     0.0000000E+000
     30.722975     2.3608460E-003     0.0000000E+000
     30.927794     2.3632323E-003     0.0000000E+000
     31.133980     2.4317857E-003     0.0000000E+000
     31.341540     2.2452426E-003     0.0000000E+000
     31.550483     2.2691202E-003     0.0000000E+000
     31.760820     2.3243741E-003     0.0000000E+000
     31.972558     2.3543964E-003     0.0000000E+000
     32.185709     2.2957995E-003     0.0000000E+000
     32.400280     2.3374753E-003     0.0000000E+000
     32.616282     2.2549024E-003     0.0000000E+000
     32.833724     2.3979337E-003     0.0000000E+000
     33.052615     2.5149875E-003     0.0000000E+000
     33.272966     2.3788384E-003     0.0000000E+000
     33.494786     2.3548897E-003     0.0000000E+000
     33.718085     2.2891770E-003     0.0000000E+000
     33.942872     2.2549406E-003     0.0000000E+000
     34.169158     2.2990215E-003     0.0000000E+000
     34.396952     2.4273055E-003     0.0000000E+000
     34.626265     2.4162677E-003     0.0000000E+000
     34.857107     2.3726872E-003     0.0000000E+000
     35.089488     2.4462445E-003     0.0000000E+000
     35.323417     2.3964547E-003     0.0000000E+000
     35.558907     2.3937972E-003     0.0000000E+000
     35.795966     2.4200899E-003     0.0000000E+000
     36.034606     2.3967450E-003     0.0000000E+000
     36.274837     2.4112201E-003     0.0000000E+000
     36.516669     2.2686152E-003     0.0000000E+000
     36.760113     2.4182687E-003     0.0000000E+000
     37.005181     2.3336835E-003     0.0000000E+000
     37.251882     2.4401575E-003     0.0000000E+000
     37.500228     2.4148669E-003     0.0000000E+000
     37.750229     2.3857128E-003     0.0000000E+000
     38.001898     2.3795386E-003     0.0000000E+000
     38.255244     2.3564683E-003     0.0000000E+000
     38.510279     2.2622021E-003     0.0000000E+000
     38.767014     2.3065574E-003     0.0000000E+000
     39.025461     2.3434116E-003     0.0000000E+000
     39.285630     2.4368323E-003     0.0000000E+000
     39.547535     2.2919293E-003     0.0000000E+000
     39.811185     2.3313767E-003     0.0000000E+000
     40.076593     2.4877921E-003     0.0000000E+000
     40.343770     2.4989531E-003     0.0000000E+000
     40.612728     2.5254592E-003     0.0000000E+000
     40.883480     2.4712763E-003     0.0000000E+000
     41.156036     2.3464589E-003     0.0000000E+000
     41.430410     2.3700573E-003     0.0000000E+000
     41.706613     2.3005911E-003     0.0000000E+000
     41.984657     2.3224811E-003     0.0000000E+000
     42.264555     2.3321925E-003     0.0000000E+000
     42.546318     2.3947817E-003     0.0000000E+000
     42.829960     2.3502995E-003     0.0000000E+000
     43.115493     2.5551779E-003     0.0000000E+000
     43.402930     2.3964552E-003     0.0000000E+000
     43.692283     2.4367356E-003     0.0000000E+000
     43.983565     2.4948733E-003     0.0000000E+000
     44.276789     2.3533923E-003     0.0000000E+000
     44.571967     2.3703232E-003     0.0000000E+000
     44.869114     2.4188669E-003     0.0000000E+000
     45.168241     2.4083273E-003     0.0000000E+000
     45.469363     2.3819955E-003     0.0000000E+000
     45.772492     2.3441041E-003     0.0000000E+000
     46.077642     2.4302304E-003     0.0000000E+000
     46.384826     2.3781323E-003     0.0000000E+000
     46.694058     2.3887988E-003     0.0000000E+000
     47.005352     2.4612021E-003     0.0000000E+000
     47.318721     2.4233749E-003     0.0000000E+000
     47.634179     2.3642905E-003     0.0000000E+000
     47.951740     2.4157912E-003     0.0000000E+000
     48.271418     2.2961838E-003     0.0000000E+000
     48.593228     2.4890242E-003     0.0000000E+000
     48.917183     2.3446869E-003     0.0000000E+000
     49.243297     2.4375053E-003     0.0000000E+000
     49.571586     2.3589379E-003     0.0000000E+000
     49.902063     1.6989590E-003     0.0000000E+000
