
      0.100000     1.5754052E-003     0.0000000E+000
      0.100667     1.6135295E-003     0.0000000E+000
      0.101338     1.6502317E-003     0.0000000E+000
      0.102013     1.6853593E-003     0.0000000E+000
      0.102693     1.7187712E-003     0.0000000E+000
      0.103378     1.7503360E-003     0.0000000E+000
      0.104067     1.7799313E-003     0.0000000E+000
      0.104761     1.8074441E-003     0.0000000E+000
      0.105459     1.8327720E-003     0.0000000E+000
      0.106163     1.8558257E-003     0.0000000E+000
      0.106870     1.8765317E-003     0.0000000E+000
      0.107583     1.8948364E-003     0.0000000E+000
      0.108300     1.9107077E-003     0.0000000E+000
      0.109022     1.9241370E-003     0.0000000E+000
      0.109749     1.9351372E-003     0.0000000E+000
      0.110480     1.9437395E-003     0.0000000E+000
      0.111217     1.9499879E-003     0.0000000E+000
      0.111958     1.9539329E-003     0.0000000E+000
      0.112705     1.9556264E-003     0.0000000E+000
      0.113456     1.9551174E-003     0.0000000E+000
      0.114213     1.9524512E-003     0.0000000E+000
      0.114974     1.9476708E-003     0.0000000E+000
      0.115740     1.9408212E-003     0.0000000E+000
      0.116512     1.9319563E-003     0.0000000E+000
      0.117289     1.9211488E-003     0.0000000E+000
      0.118071     1.9085058E-003     0.0000000E+000
      0.118858     1.8941969E-003     0.0000000E+000
      0.119650     1.8785122E-003     0.0000000E+000
      0.120448     1.8619808E-003     0.0000000E+000
      0.121251     1.8455965E-003     0.0000000E+000
      0.122059     1.8311186E-003     0.0000000E+000
      0.122873     1.8210773E-003     0.0000000E+000
      0.123692     1.8176886E-003     0.0000000E+000
      0.124517     1.8210342E-003     0.0000000E+000
      0.125347     1.8289473E-003     0.0000000E+000
      0.126182     1.8388048E-003     0.0000000E+000
      0.127024     1.8487526E-003     0.0000000E+000
      0.127871     1.8577669E-003     0.0000000E+000
      0.128723     1.8653479E-003     0.0000000E+000
      0.129581     1.8712771E-003     0.0000000E+000
      0.130445     1.8754860E-003     0.0000000E+000
      0.131315     1.8779941E-003     0.0000000E+000
      0.132190     1.8788839E-003     0.0000000E+000
      0.133071     1.8782921E-003     0.0000000E+000
      0.133959     1.8764090E-003     0.0000000E+000
      0.134852     1.8734813E-003     0.0000000E+000
      0.135751     1.8698105E-003     0.0000000E+000
      0.136656     1.8657425E-003     0.0000000E+000
      0.137567     1.8616424E-003     0.0000000E+000
      0.138484     1.8578517E-003     0.0000000E+000
      0.139407     1.8546370E-003     0.0000000E+000
      0.140336     1.8521481E-003     0.0000000E+000
      0.141272     1.8504042E-003     0.0000000E+000
      0.142214     1.8493152E-003     0.0000000E+000
      0.143162     1.8487250E-003     0.0000000E+000
      0.144116     1.8484588E-003     0.0000000E+000
      0.145077     1.8483560E-003     0.0000000E+000
      0.146044     1.8482878E-003     0.0000000E+000
      0.147018     1.8481601E-003     0.0000000E+000
      0.147998     1.8479094E-003     0.0000000E+000
      0.148985     1.8474960E-003     0.0000000E+000
      0.149978     1.8468970E-003     0.0000000E+000
      0.150978     1.8461004E-003     0.0000000E+000
      0.151984     1.8451014E-003     0.0000000E+000
      0.152997     1.8438993E-003     0.0000000E+000
      0.154017     1.8424960E-003     0.0000000E+000
      0.155044     1.8408945E-003     0.0000000E+000
      0.156078     1.8390987E-003     0.0000000E+000
      0.157118     1.8371129E-003     0.0000000E+000
      0.158166     1.8349414E-003     0.0000000E+000
      0.159220     1.8325888E-003     0.0000000E+000
      0.160282     1.8300596E-003     0.0000000E+000
      0.161350     1.8273582E-003     0.0000000E+000
      0.162426     1.8244894E-003     0.0000000E+000
      0.163509     1.8214574E-003     0.0000000E+000
      0.164599     1.8182669E-003     0.0000000E+000
      0.165696     1.8149224E-003     0.0000000E+000
      0.166801     1.8114282E-003     0.0000000E+000
      0.167913     1.8077888E-003     0.0000000E+000
      0.169032     1.8040085E-003     0.0000000E+000
      0.170159     1.8000917E-003     0.0000000E+000
      0.171293     1.7960428E-003     0.0000000E+000
      0.172435     1.7918660E-003     0.0000000E+000
      0.173585     1.7875655E-003     0.0000000E+000
      0.174742     1.7831455E-003     0.0000000E+000
      0.175907     1.7786102E-003     0.0000000E+000
      0.177080     1.7739636E-003     0.0000000E+000
      0.178260     1.7692098E-003     0.0000000E+000
      0.179449     1.7643528E-003     0.0000000E+000
      0.180645     1.7593965E-003     0.0000000E+000
      0.181849     1.7543448E-003     0.0000000E+000
      0.183062     1.7492014E-003     0.0000000E+000
      0.184282     1.7439702E-003     0.0000000E+000
      0.185511     1.7386549E-003     0.0000000E+000
      0.186747     1.7332589E-003     0.0000000E+000
      0.187992     1.7277860E-003     0.0000000E+000
      0.189246     1.7222397E-003     0.0000000E+000
      0.190507     1.7166232E-003     0.0000000E+000
      0.191777     1.7109401E-003     0.0000000E+000
      0.193056     1.7051935E-003     0.0000000E+000
      0.194343     1.6993868E-003     0.0000000E+000
      0.195639     1.6935231E-003     0.0000000E+000
      0.196943     1.6876055E-003     0.0000000E+000
      0.198256     1.6816369E-003     0.0000000E+000
      0.199577     1.6756205E-003     0.0000000E+000
      0.200908     1.6695589E-003     0.0000000E+000
      0.202247     1.6634552E-003     0.0000000E+000
      0.203596     1.6573120E-003     0.0000000E+000
      0.204953     1.6511320E-003     0.0000000E+000
      0.206319     1.6449179E-003     0.0000000E+000
      0.207695     1.6386722E-003     0.0000000E+000
      0.209079     1.6323974E-003     0.0000000E+000
      0.210473     1.6260959E-003     0.0000000E+000
      0.211876     1.6197702E-003     0.0000000E+000
      0.213289     1.6134226E-003     0.0000000E+000
      0.214711     1.6070552E-003     0.0000000E+000
      0.216142     1.6006703E-003     0.0000000E+000
      0.217583     1.5942700E-003     0.0000000E+000
      0.219034     1.5878565E-003     0.0000000E+000
      0.220494     1.5814316E-003     0.0000000E+000
      0.221964     1.5749975E-003     0.0000000E+000
      0.223444     1.5685559E-003     0.0000000E+000
      0.224933     1.5621089E-003     0.0000000E+000
      0.226433     1.5556580E-003     0.0000000E+000
      0.227943     1.5492052E-003     0.0000000E+000
      0.229462     1.5427521E-003     0.0000000E+000
      0.230992     1.5363003E-003     0.0000000E+000
      0.232532     1.5298514E-003     0.0000000E+000
      0.234082     1.5234069E-003     0.0000000E+000
      0.235643     1.5169682E-003     0.0000000E+000
      0.237214     1.5105367E-003     0.0000000E+000
      0.238795     1.5041135E-003     0.0000000E+000
      0.240387     1.4976998E-003     0.0000000E+000
      0.241990     1.4912963E-003     0.0000000E+000
      0.243603     1.4849037E-003     0.0000000E+000
      0.245227     1.4785217E-003     0.0000000E+000
      0.246862     1.4721478E-003     0.0000000E+000
      0.248507     1.4657722E-003     0.0000000E+000
      0.250164     1.4593674E-003     0.0000000E+000
      0.251832     1.4528700E-003     0.0000000E+000
      0.253511     1.4461596E-003     0.0000000E+000
      0.255201     1.4390417E-003     0.0000000E+000
      0.256902     1.4312481E-003     0.0000000E+000
      0.258615     1.4224596E-003     0.0000000E+000
      0.260339     1.4123545E-003     0.0000000E+000
      0.262075     1.4006707E-003     0.0000000E+000
      0.263822     1.3872680E-003     0.0000000E+000
      0.265580     1.3721700E-003     0.0000000E+000
      0.267351     1.3555737E-003     0.0000000E+000
      0.269133     1.3378246E-003     0.0000000E+000
      0.270928     1.3193674E-003     0.0000000E+000
      0.272734     1.3006856E-003     0.0000000E+000
      0.274552     1.2822458E-003     0.0000000E+000
      0.276382     1.2644550E-003     0.0000000E+000
      0.278225     1.2476355E-003     0.0000000E+000
      0.280080     1.2320161E-003     0.0000000E+000
      0.281947     1.2177356E-003     0.0000000E+000
      0.283827     1.2048546E-003     0.0000000E+000
      0.285719     1.1933705E-003     0.0000000E+000
      0.287624     1.1832338E-003     0.0000000E+000
      0.289541     1.1743631E-003     0.0000000E+000
      0.291471     1.1666572E-003     0.0000000E+000
      0.293414     1.1600055E-003     0.0000000E+000
      0.295371     1.1542949E-003     0.0000000E+000
      0.297340     1.1494155E-003     0.0000000E+000
      0.299322     1.1452633E-003     0.0000000E+000
      0.301317     1.1668503E-003     0.0000000E+000
      0.303326     1.1718017E-003     0.0000000E+000
      0.305348     1.1738493E-003     0.0000000E+000
      0.307384     1.1856810E-003     0.0000000E+000
      0.309433     1.1871617E-003     0.0000000E+000
      0.311496     1.1867030E-003     0.0000000E+000
      0.313573     1.2040301E-003     0.0000000E+000
      0.315663     1.2028925E-003     0.0000000E+000
      0.317768     1.1942602E-003     0.0000000E+000
      0.319886     1.1840211E-003     0.0000000E+000
      0.322019     1.1850144E-003     0.0000000E+000
      0.324166     1.1780015E-003     0.0000000E+000
      0.326327     1.1924120E-003     0.0000000E+000
      0.328502     1.1920771E-003     0.0000000E+000
      0.330692     1.2089867E-003     0.0000000E+000
      0.332897     1.2136570E-003     0.0000000E+000
      0.335116     1.2306813E-003     0.0000000E+000
      0.337350     1.2343392E-003     0.0000000E+000
      0.339599     1.2210103E-003     0.0000000E+000
      0.341863     1.2152892E-003     0.0000000E+000
      0.344142     1.2077293E-003     0.0000000E+000
      0.346437     1.2028145E-003     0.0000000E+000
      0.348746     1.2094098E-003     0.0000000E+000
      0.351071     1.1975901E-003     0.0000000E+000
      0.353412     1.2082497E-003     0.0000000E+000
      0.355768     1.2166891E-003     0.0000000E+000
      0.358139     1.2279610E-003     0.0000000E+000
      0.360527     1.2435688E-003     0.0000000E+000
      0.362931     1.2715622E-003     0.0000000E+000
      0.365350     1.2688366E-003     0.0000000E+000
      0.367786     1.2562110E-003     0.0000000E+000
      0.370238     1.2402482E-003     0.0000000E+000
      0.372706     1.2343017E-003     0.0000000E+000
      0.375191     1.2314446E-003     0.0000000E+000
      0.377692     1.2441974E-003     0.0000000E+000
      0.380210     1.2408585E-003     0.0000000E+000
      0.382745     1.2411189E-003     0.0000000E+000
      0.385296     1.2320161E-003     0.0000000E+000
      0.387865     1.2243692E-003     0.0000000E+000
      0.390451     1.2305224E-003     0.0000000E+000
      0.393054     1.2521142E-003     0.0000000E+000
      0.395674     1.2820133E-003     0.0000000E+000
      0.398312     1.3020841E-003     0.0000000E+000
      0.400967     1.3008679E-003     0.0000000E+000
      0.403640     1.2896158E-003     0.0000000E+000
      0.406331     1.2732850E-003     0.0000000E+000
      0.409040     1.2545688E-003     0.0000000E+000
      0.411767     1.2459422E-003     0.0000000E+000
      0.414512     1.2622973E-003     0.0000000E+000
      0.417276     1.2888922E-003     0.0000000E+000
      0.420057     1.2866021E-003     0.0000000E+000
      0.422858     1.2819111E-003     0.0000000E+000
      0.425677     1.2809948E-003     0.0000000E+000
      0.428515     1.2684302E-003     0.0000000E+000
      0.431371     1.2585015E-003     0.0000000E+000
      0.434247     1.2526028E-003     0.0000000E+000
      0.437142     1.2737495E-003     0.0000000E+000
      0.440057     1.3137630E-003     0.0000000E+000
      0.442990     1.3444675E-003     0.0000000E+000
      0.445944     1.3443789E-003     0.0000000E+000
      0.448916     1.3329369E-003     0.0000000E+000
      0.451909     1.3201927E-003     0.0000000E+000
      0.454922     1.3065119E-003     0.0000000E+000
      0.457955     1.2896752E-003     0.0000000E+000
      0.461008     1.2780229E-003     0.0000000E+000
      0.464081     1.2869826E-003     0.0000000E+000
      0.467175     1.3136648E-003     0.0000000E+000
      0.470290     1.3357854E-003     0.0000000E+000
      0.473425     1.3330630E-003     0.0000000E+000
      0.476581     1.3298822E-003     0.0000000E+000
      0.479758     1.3180486E-003     0.0000000E+000
      0.482957     1.3111177E-003     0.0000000E+000
      0.486176     1.3318643E-003     0.0000000E+000
      0.489417     1.3177054E-003     0.0000000E+000
      0.492680     1.3207658E-003     0.0000000E+000
      0.495965     1.3207970E-003     0.0000000E+000
      0.499271     1.3484149E-003     0.0000000E+000
      0.502600     1.3889174E-003     0.0000000E+000
      0.505950     1.3938776E-003     0.0000000E+000
      0.509323     1.3892684E-003     0.0000000E+000
      0.512719     1.3810240E-003     0.0000000E+000
      0.516137     1.3642833E-003     0.0000000E+000
      0.519578     1.3437805E-003     0.0000000E+000
      0.523042     1.3359977E-003     0.0000000E+000
      0.526529     1.3344717E-003     0.0000000E+000
      0.530039     1.3380851E-003     0.0000000E+000
      0.533572     1.3385900E-003     0.0000000E+000
      0.537130     1.3533196E-003     0.0000000E+000
      0.540711     1.3834012E-003     0.0000000E+000
      0.544315     1.3856387E-003     0.0000000E+000
      0.547944     1.3825909E-003     0.0000000E+000
      0.551597     1.3759240E-003     0.0000000E+000
      0.555274     1.3650007E-003     0.0000000E+000
      0.558976     1.3527281E-003     0.0000000E+000
      0.562703     1.3481987E-003     0.0000000E+000
      0.566454     1.3606971E-003     0.0000000E+000
      0.570230     1.3933189E-003     0.0000000E+000
      0.574032     1.3891552E-003     0.0000000E+000
      0.577859     1.3909923E-003     0.0000000E+000
      0.581711     1.4031030E-003     0.0000000E+000
      0.585589     1.4149489E-003     0.0000000E+000
      0.589493     1.4672640E-003     0.0000000E+000
      0.593423     1.4514304E-003     0.0000000E+000
      0.597379     1.4472640E-003     0.0000000E+000
      0.601362     1.4414416E-003     0.0000000E+000
      0.605371     1.4246718E-003     0.0000000E+000
      0.609407     1.4064974E-003     0.0000000E+000
      0.613469     1.3874062E-003     0.0000000E+000
      0.617559     1.3801472E-003     0.0000000E+000
      0.621676     1.3772302E-003     0.0000000E+000
      0.625821     1.3962575E-003     0.0000000E+000
      0.629993     1.3897310E-003     0.0000000E+000
      0.634193     1.3975387E-003     0.0000000E+000
      0.638421     1.4067811E-003     0.0000000E+000
      0.642677     1.4181107E-003     0.0000000E+000
      0.646961     1.4543457E-003     0.0000000E+000
      0.651275     1.4437091E-003     0.0000000E+000
      0.655616     1.4386836E-003     0.0000000E+000
      0.659987     1.4317034E-003     0.0000000E+000
      0.664387     1.4239166E-003     0.0000000E+000
      0.668816     1.4105893E-003     0.0000000E+000
      0.673275     1.4000864E-003     0.0000000E+000
      0.677764     1.3967125E-003     0.0000000E+000
      0.682282     1.3960055E-003     0.0000000E+000
      0.686831     1.3920533E-003     0.0000000E+000
      0.691409     1.4477977E-003     0.0000000E+000
      0.696019     1.4546617E-003     0.0000000E+000
      0.700659     1.4587564E-003     0.0000000E+000
      0.705330     1.4656482E-003     0.0000000E+000
      0.710032     1.4767438E-003     0.0000000E+000
      0.714766     1.5067206E-003     0.0000000E+000
      0.719531     1.5337720E-003     0.0000000E+000
      0.724328     1.5230843E-003     0.0000000E+000
      0.729157     1.5167475E-003     0.0000000E+000
      0.734018     1.5085287E-003     0.0000000E+000
      0.738911     1.5035005E-003     0.0000000E+000
      0.743837     1.4908439E-003     0.0000000E+000
      0.748796     1.4807790E-003     0.0000000E+000
      0.753788     1.4691815E-003     0.0000000E+000
      0.758813     1.4539047E-003     0.0000000E+000
      0.763872     1.4362431E-003     0.0000000E+000
      0.768964     1.4247781E-003     0.0000000E+000
      0.774091     1.4162598E-003     0.0000000E+000
      0.779252     1.4284981E-003     0.0000000E+000
      0.784447     1.4415488E-003     0.0000000E+000
      0.789676     1.4432252E-003     0.0000000E+000
      0.794941     1.4501437E-003     0.0000000E+000
      0.800240     1.4723418E-003     0.0000000E+000
      0.805575     1.4851678E-003     0.0000000E+000
      0.810946     1.5294415E-003     0.0000000E+000
      0.816352     1.5271715E-003     0.0000000E+000
      0.821794     1.5249227E-003     0.0000000E+000
      0.827273     1.5167092E-003     0.0000000E+000
      0.832788     1.5180165E-003     0.0000000E+000
      0.838340     1.5112570E-003     0.0000000E+000
      0.843929     1.5038276E-003     0.0000000E+000
      0.849555     1.4938545E-003     0.0000000E+000
      0.855219     1.4810194E-003     0.0000000E+000
      0.860920     1.4687656E-003     0.0000000E+000
      0.866660     1.4596334E-003     0.0000000E+000
      0.872438     1.4551158E-003     0.0000000E+000
      0.878254     1.4464476E-003     0.0000000E+000
      0.884109     1.4420401E-003     0.0000000E+000
      0.890003     1.4825113E-003     0.0000000E+000
      0.895936     1.5134534E-003     0.0000000E+000
      0.901909     1.5141745E-003     0.0000000E+000
      0.907922     1.5107384E-003     0.0000000E+000
      0.913975     1.5390795E-003     0.0000000E+000
      0.920068     1.5445306E-003     0.0000000E+000
      0.926202     1.5853994E-003     0.0000000E+000
      0.932376     1.6216569E-003     0.0000000E+000
      0.938592     1.6220424E-003     0.0000000E+000
      0.944849     1.6079303E-003     0.0000000E+000
      0.951148     1.6071743E-003     0.0000000E+000
      0.957489     1.6140286E-003     0.0000000E+000
      0.963873     1.6035997E-003     0.0000000E+000
      0.970299     1.5966186E-003     0.0000000E+000
      0.976767     1.5943520E-003     0.0000000E+000
      0.983279     1.5880668E-003     0.0000000E+000
      0.989834     1.5743712E-003     0.0000000E+000
      0.996433     1.5648269E-003     0.0000000E+000
      1.003076     1.5517193E-003     0.0000000E+000
      1.009763     1.5335941E-003     0.0000000E+000
      1.016495     1.5176808E-003     0.0000000E+000
      1.023272     1.5032795E-003     0.0000000E+000
      1.030093     1.4913467E-003     0.0000000E+000
      1.036961     1.4774398E-003     0.0000000E+000
      1.043874     1.4759943E-003     0.0000000E+000
      1.050833     1.4742616E-003     0.0000000E+000
      1.057838     1.4685711E-003     0.0000000E+000
      1.064891     1.4725557E-003     0.0000000E+000
      1.071990     1.4750231E-003     0.0000000E+000
      1.079137     1.4860088E-003     0.0000000E+000
      1.086331     1.5089958E-003     0.0000000E+000
      1.093573     1.5704528E-003     0.0000000E+000
      1.100863     1.5904285E-003     0.0000000E+000
      1.108203     1.5987036E-003     0.0000000E+000
      1.115591     1.6178459E-003     0.0000000E+000
      1.123028     1.6199329E-003     0.0000000E+000
      1.130515     1.6239845E-003     0.0000000E+000
      1.138051     1.6240006E-003     0.0000000E+000
      1.145638     1.6214862E-003     0.0000000E+000
      1.153276     1.6192189E-003     0.0000000E+000
      1.160965     1.6165484E-003     0.0000000E+000
      1.168704     1.6157584E-003     0.0000000E+000
      1.176496     1.6126886E-003     0.0000000E+000
      1.184339     1.6020317E-003     0.0000000E+000
      1.192235     1.5874194E-003     0.0000000E+000
      1.200183     1.5736544E-003     0.0000000E+000
      1.208184     1.5654889E-003     0.0000000E+000
      1.216239     1.5526851E-003     0.0000000E+000
      1.224347     1.5467172E-003     0.0000000E+000
      1.232509     1.5352741E-003     0.0000000E+000
      1.240726     1.5265910E-003     0.0000000E+000
      1.248997     1.5158597E-003     0.0000000E+000
      1.257324     1.5109080E-003     0.0000000E+000
      1.265706     1.5135150E-003     0.0000000E+000
      1.274144     1.5173948E-003     0.0000000E+000
      1.282639     1.5244532E-003     0.0000000E+000
      1.291189     1.5332494E-003     0.0000000E+000
      1.299797     1.5402058E-003     0.0000000E+000
      1.308463     1.5472471E-003     0.0000000E+000
      1.317186     1.5644591E-003     0.0000000E+000
      1.325967     1.5843611E-003     0.0000000E+000
      1.334807     1.6585937E-003     0.0000000E+000
      1.343706     1.6802864E-003     0.0000000E+000
      1.352664     1.6995399E-003     0.0000000E+000
      1.361681     1.7122860E-003     0.0000000E+000
      1.370759     1.7161409E-003     0.0000000E+000
      1.379898     1.7102829E-003     0.0000000E+000
      1.389097     1.7040029E-003     0.0000000E+000
      1.398358     1.7098462E-003     0.0000000E+000
      1.407680     1.7197836E-003     0.0000000E+000
      1.417064     1.7262218E-003     0.0000000E+000
      1.426512     1.7272949E-003     0.0000000E+000
      1.436022     1.7266228E-003     0.0000000E+000
      1.445595     1.7156287E-003     0.0000000E+000
      1.455232     1.6927461E-003     0.0000000E+000
      1.464934     1.6968863E-003     0.0000000E+000
      1.474700     1.6857087E-003     0.0000000E+000
      1.484532     1.6818825E-003     0.0000000E+000
      1.494428     1.6718981E-003     0.0000000E+000
      1.504391     1.6656863E-003     0.0000000E+000
      1.514421     1.6495410E-003     0.0000000E+000
      1.524517     1.6393309E-003     0.0000000E+000
      1.534680     1.6276905E-003     0.0000000E+000
      1.544911     1.6125736E-003     0.0000000E+000
      1.555211     1.5990320E-003     0.0000000E+000
      1.565579     1.5823825E-003     0.0000000E+000
      1.576016     1.5695310E-003     0.0000000E+000
      1.586523     1.5566307E-003     0.0000000E+000
      1.597100     1.5437840E-003     0.0000000E+000
      1.607747     1.5338561E-003     0.0000000E+000
      1.618465     1.5250619E-003     0.0000000E+000
      1.629255     1.5208718E-003     0.0000000E+000
      1.640117     1.5178355E-003     0.0000000E+000
      1.651051     1.5201051E-003     0.0000000E+000
      1.662058     1.5266159E-003     0.0000000E+000
      1.673138     1.5188723E-003     0.0000000E+000
      1.684292     1.5112034E-003     0.0000000E+000
      1.695521     1.5246821E-003     0.0000000E+000
      1.706825     1.5355715E-003     0.0000000E+000
      1.718203     1.5687238E-003     0.0000000E+000
      1.729658     1.5865337E-003     0.0000000E+000
      1.741189     1.5943760E-003     0.0000000E+000
      1.752797     1.6032080E-003     0.0000000E+000
      1.764482     1.6179439E-003     0.0000000E+000
      1.776246     1.6367787E-003     0.0000000E+000
      1.788087     1.6491675E-003     0.0000000E+000
      1.800008     1.6577194E-003     0.0000000E+000
      1.812008     1.6661008E-003     0.0000000E+000
      1.824088     1.6736501E-003     0.0000000E+000
      1.836248     1.6782722E-003     0.0000000E+000
      1.848490     1.6929273E-003     0.0000000E+000
      1.860813     1.7081703E-003     0.0000000E+000
      1.873219     1.6950928E-003     0.0000000E+000
      1.885707     1.6784084E-003     0.0000000E+000
      1.898278     1.6725393E-003     0.0000000E+000
      1.910934     1.6630413E-003     0.0000000E+000
      1.923673     1.6631887E-003     0.0000000E+000
      1.936498     1.6802421E-003     0.0000000E+000
      1.949408     1.6832756E-003     0.0000000E+000
      1.962404     1.6801305E-003     0.0000000E+000
      1.975486     1.6799368E-003     0.0000000E+000
      1.988656     1.6766603E-003     0.0000000E+000
      2.001914     1.6720373E-003     0.0000000E+000
      2.015260     1.6639225E-003     0.0000000E+000
      2.028695     1.6514346E-003     0.0000000E+000
      2.042220     1.6328621E-003     0.0000000E+000
      2.055834     1.6203481E-003     0.0000000E+000
      2.069540     1.6062412E-003     0.0000000E+000
      2.083337     1.5897100E-003     0.0000000E+000
      2.097226     1.5808409E-003     0.0000000E+000
      2.111207     1.5659642E-003     0.0000000E+000
      2.125282     1.5556074E-003     0.0000000E+000
      2.139451     1.5415125E-003     0.0000000E+000
      2.153714     1.5415096E-003     0.0000000E+000
      2.168072     1.5338705E-003     0.0000000E+000
      2.182526     1.5354765E-003     0.0000000E+000
      2.197076     1.5383805E-003     0.0000000E+000
      2.211723     1.5386488E-003     0.0000000E+000
      2.226468     1.5430402E-003     0.0000000E+000
      2.241311     1.5438685E-003     0.0000000E+000
      2.256253     1.5416227E-003     0.0000000E+000
      2.271295     1.5453785E-003     0.0000000E+000
      2.286437     1.5479071E-003     0.0000000E+000
      2.301679     1.5428168E-003     0.0000000E+000
      2.317024     1.5546968E-003     0.0000000E+000
      2.332471     1.5523404E-003     0.0000000E+000
      2.348021     1.5712543E-003     0.0000000E+000
      2.363674     1.5791050E-003     0.0000000E+000
      2.379432     1.5907725E-003     0.0000000E+000
      2.395295     1.5840509E-003     0.0000000E+000
      2.411263     1.6115231E-003     0.0000000E+000
      2.427339     1.6242086E-003     0.0000000E+000
      2.443521     1.6422894E-003     0.0000000E+000
      2.459811     1.6542727E-003     0.0000000E+000
      2.476210     1.6728091E-003     0.0000000E+000
      2.492718     1.6815145E-003     0.0000000E+000
      2.509336     1.7110324E-003     0.0000000E+000
      2.526065     1.7093459E-003     0.0000000E+000
      2.542905     1.7243965E-003     0.0000000E+000
      2.559858     1.7331134E-003     0.0000000E+000
      2.576924     1.7243474E-003     0.0000000E+000
      2.594103     1.7256141E-003     0.0000000E+000
      2.611397     1.7175804E-003     0.0000000E+000
      2.628806     1.7257307E-003     0.0000000E+000
      2.646332     1.7243427E-003     0.0000000E+000
      2.663974     1.7425193E-003     0.0000000E+000
      2.681734     1.7548680E-003     0.0000000E+000
      2.699612     1.7700838E-003     0.0000000E+000
      2.717610     1.7671657E-003     0.0000000E+000
      2.735727     1.7530165E-003     0.0000000E+000
      2.753965     1.7430692E-003     0.0000000E+000
      2.772325     1.7601174E-003     0.0000000E+000
      2.790807     1.7511460E-003     0.0000000E+000
      2.809412     1.7653256E-003     0.0000000E+000
      2.828142     1.7597232E-003     0.0000000E+000
      2.846996     1.7645720E-003     0.0000000E+000
      2.865976     1.7449984E-003     0.0000000E+000
      2.885083     1.7481908E-003     0.0000000E+000
      2.904316     1.7600018E-003     0.0000000E+000
      2.923679     1.7482190E-003     0.0000000E+000
      2.943170     1.7407126E-003     0.0000000E+000
      2.962791     1.7454585E-003     0.0000000E+000
      2.982543     1.7293018E-003     0.0000000E+000
      3.002426     1.7324830E-003     0.0000000E+000
      3.022443     1.7146786E-003     0.0000000E+000
      3.042592     1.7218871E-003     0.0000000E+000
      3.062876     1.7029745E-003     0.0000000E+000
      3.083295     1.6896790E-003     0.0000000E+000
      3.103851     1.6913190E-003     0.0000000E+000
      3.124543     1.6778647E-003     0.0000000E+000
      3.145373     1.6786324E-003     0.0000000E+000
      3.166342     1.6663347E-003     0.0000000E+000
      3.187451     1.6593791E-003     0.0000000E+000
      3.208701     1.6634357E-003     0.0000000E+000
      3.230092     1.6497629E-003     0.0000000E+000
      3.251626     1.6348455E-003     0.0000000E+000
      3.273304     1.6356748E-003     0.0000000E+000
      3.295126     1.6370522E-003     0.0000000E+000
      3.317093     1.6319203E-003     0.0000000E+000
      3.339207     1.6228950E-003     0.0000000E+000
      3.361469     1.6224667E-003     0.0000000E+000
      3.383879     1.6245949E-003     0.0000000E+000
      3.406438     1.6225303E-003     0.0000000E+000
      3.429147     1.6178355E-003     0.0000000E+000
      3.452008     1.6090234E-003     0.0000000E+000
      3.475022     1.6044392E-003     0.0000000E+000
      3.498188     1.6001348E-003     0.0000000E+000
      3.521510     1.5940016E-003     0.0000000E+000
      3.544986     1.5867167E-003     0.0000000E+000
      3.568620     1.5769653E-003     0.0000000E+000
      3.592411     1.5748556E-003     0.0000000E+000
      3.616360     1.5662508E-003     0.0000000E+000
      3.640469     1.5568633E-003     0.0000000E+000
      3.664739     1.5545517E-003     0.0000000E+000
      3.689170     1.5505665E-003     0.0000000E+000
      3.713765     1.5369607E-003     0.0000000E+000
      3.738523     1.5396642E-003     0.0000000E+000
      3.763447     1.5366554E-003     0.0000000E+000
      3.788536     1.5216073E-003     0.0000000E+000
      3.813793     1.5259652E-003     0.0000000E+000
      3.839219     1.5277157E-003     0.0000000E+000
      3.864813     1.5118517E-003     0.0000000E+000
      3.890579     1.5175166E-003     0.0000000E+000
      3.916516     1.5126172E-003     0.0000000E+000
      3.942626     1.5163549E-003     0.0000000E+000
      3.968910     1.5173435E-003     0.0000000E+000
      3.995370     1.5240674E-003     0.0000000E+000
      4.022005     1.5298288E-003     0.0000000E+000
      4.048819     1.5369520E-003     0.0000000E+000
      4.075811     1.5579681E-003     0.0000000E+000
      4.102983     1.5615507E-003     0.0000000E+000
      4.130336     1.5741789E-003     0.0000000E+000
      4.157872     1.5878846E-003     0.0000000E+000
      4.185591     1.6285086E-003     0.0000000E+000
      4.213495     1.6759481E-003     0.0000000E+000
      4.241585     1.7185169E-003     0.0000000E+000
      4.269862     1.7474417E-003     0.0000000E+000
      4.298328     1.7656454E-003     0.0000000E+000
      4.326983     1.7721188E-003     0.0000000E+000
      4.355830     1.7688384E-003     0.0000000E+000
      4.384869     1.7636543E-003     0.0000000E+000
      4.414101     1.7515758E-003     0.0000000E+000
      4.443529     1.7442495E-003     0.0000000E+000
      4.473152     1.7211556E-003     0.0000000E+000
      4.502973     1.7076022E-003     0.0000000E+000
      4.532993     1.6870376E-003     0.0000000E+000
      4.563213     1.6667380E-003     0.0000000E+000
      4.593634     1.6467041E-003     0.0000000E+000
      4.624259     1.6466312E-003     0.0000000E+000
      4.655087     1.6525053E-003     0.0000000E+000
      4.686121     1.6468990E-003     0.0000000E+000
      4.717362     1.6590130E-003     0.0000000E+000
      4.748811     1.6369660E-003     0.0000000E+000
      4.780470     1.6601436E-003     0.0000000E+000
      4.812339     1.6457112E-003     0.0000000E+000
      4.844422     1.6455658E-003     0.0000000E+000
      4.876718     1.6471215E-003     0.0000000E+000
      4.909229     1.6494260E-003     0.0000000E+000
      4.941957     1.6628150E-003     0.0000000E+000
      4.974904     1.6559519E-003     0.0000000E+000
      5.008070     1.6739254E-003     0.0000000E+000
      5.041457     1.6563401E-003     0.0000000E+000
      5.075067     1.6655097E-003     0.0000000E+000
      5.108900     1.6687406E-003     0.0000000E+000
      5.142960     1.6883395E-003     0.0000000E+000
      5.177246     1.6706643E-003     0.0000000E+000
      5.211761     1.6894590E-003     0.0000000E+000
      5.246506     1.6747365E-003     0.0000000E+000
      5.281483     1.6977378E-003     0.0000000E+000
      5.316693     1.6728482E-003     0.0000000E+000
      5.352137     1.6963102E-003     0.0000000E+000
      5.387818     1.6882164E-003     0.0000000E+000
      5.423737     1.7150158E-003     0.0000000E+000
      5.459895     1.6925982E-003     0.0000000E+000
      5.496295     1.6899115E-003     0.0000000E+000
      5.532937     1.7119298E-003     0.0000000E+000
      5.569823     1.7146681E-003     0.0000000E+000
      5.606955     1.7016519E-003     0.0000000E+000
      5.644335     1.6893030E-003     0.0000000E+000
      5.681964     1.7063952E-003     0.0000000E+000
      5.719843     1.7167575E-003     0.0000000E+000
      5.757976     1.6936158E-003     0.0000000E+000
      5.796362     1.7005300E-003     0.0000000E+000
      5.835005     1.7095193E-003     0.0000000E+000
      5.873905     1.7083165E-003     0.0000000E+000
      5.913064     1.6972240E-003     0.0000000E+000
      5.952484     1.7038055E-003     0.0000000E+000
      5.992168     1.6759530E-003     0.0000000E+000
      6.032115     1.6973969E-003     0.0000000E+000
      6.072330     1.6669131E-003     0.0000000E+000
      6.112812     1.6662046E-003     0.0000000E+000
      6.153564     1.6709371E-003     0.0000000E+000
      6.194588     1.6512036E-003     0.0000000E+000
      6.235885     1.6539349E-003     0.0000000E+000
      6.277457     1.6477723E-003     0.0000000E+000
      6.319307     1.6442731E-003     0.0000000E+000
      6.361436     1.6516918E-003     0.0000000E+000
      6.403845     1.6732519E-003     0.0000000E+000
      6.446538     1.6699447E-003     0.0000000E+000
      6.489515     1.7216091E-003     0.0000000E+000
      6.532778     1.7150895E-003     0.0000000E+000
      6.576330     1.7425513E-003     0.0000000E+000
      6.620172     1.7601990E-003     0.0000000E+000
      6.664307     1.7356762E-003     0.0000000E+000
      6.708735     1.7268556E-003     0.0000000E+000
      6.753460     1.7176799E-003     0.0000000E+000
      6.798483     1.7300078E-003     0.0000000E+000
      6.843806     1.7385831E-003     0.0000000E+000
      6.889432     1.7175463E-003     0.0000000E+000
      6.935361     1.7083350E-003     0.0000000E+000
      6.981597     1.6930596E-003     0.0000000E+000
      7.028141     1.7152522E-003     0.0000000E+000
      7.074995     1.7139326E-003     0.0000000E+000
      7.122162     1.7087086E-003     0.0000000E+000
      7.169643     1.6858258E-003     0.0000000E+000
      7.217441     1.6982673E-003     0.0000000E+000
      7.265557     1.6923900E-003     0.0000000E+000
      7.313994     1.6965138E-003     0.0000000E+000
      7.362754     1.6953689E-003     0.0000000E+000
      7.411839     1.6822208E-003     0.0000000E+000
      7.461251     1.6874295E-003     0.0000000E+000
      7.510993     1.6839179E-003     0.0000000E+000
      7.561066     1.6807708E-003     0.0000000E+000
      7.611473     1.7039152E-003     0.0000000E+000
      7.662217     1.6812600E-003     0.0000000E+000
      7.713298     1.6834382E-003     0.0000000E+000
      7.764720     1.6866412E-003     0.0000000E+000
      7.816485     1.6704498E-003     0.0000000E+000
      7.868595     1.7052885E-003     0.0000000E+000
      7.921052     1.6767301E-003     0.0000000E+000
      7.973859     1.6859894E-003     0.0000000E+000
      8.027018     1.6785663E-003     0.0000000E+000
      8.080531     1.6730311E-003     0.0000000E+000
      8.134402     1.6646552E-003     0.0000000E+000
      8.188631     1.6805626E-003     0.0000000E+000
      8.243222     1.6646571E-003     0.0000000E+000
      8.298177     1.6618931E-003     0.0000000E+000
      8.353498     1.6815208E-003     0.0000000E+000
      8.409188     1.6411224E-003     0.0000000E+000
      8.465249     1.6461344E-003     0.0000000E+000
      8.521684     1.6515340E-003     0.0000000E+000
      8.578495     1.6414834E-003     0.0000000E+000
      8.635685     1.6244998E-003     0.0000000E+000
      8.693257     1.6340979E-003     0.0000000E+000
      8.751212     1.6313383E-003     0.0000000E+000
      8.809553     1.6358145E-003     0.0000000E+000
      8.868283     1.6131142E-003     0.0000000E+000
      8.927405     1.6196414E-003     0.0000000E+000
      8.986921     1.6243159E-003     0.0000000E+000
      9.046834     1.6190871E-003     0.0000000E+000
      9.107146     1.6158342E-003     0.0000000E+000
      9.167861     1.6096884E-003     0.0000000E+000
      9.228980     1.6180934E-003     0.0000000E+000
      9.290506     1.6126818E-003     0.0000000E+000
      9.352443     1.5972634E-003     0.0000000E+000
      9.414793     1.6159928E-003     0.0000000E+000
      9.477558     1.6039769E-003     0.0000000E+000
      9.540742     1.5825182E-003     0.0000000E+000
      9.604346     1.6026702E-003     0.0000000E+000
      9.668375     1.5951678E-003     0.0000000E+000
      9.732831     1.5901708E-003     0.0000000E+000
      9.797717     1.5886172E-003     0.0000000E+000
      9.863035     1.5974269E-003     0.0000000E+000
      9.928789     1.5849935E-003     0.0000000E+000
      9.994980     1.5823338E-003     0.0000000E+000
     10.061614     1.5863854E-003     0.0000000E+000
     10.128691     1.5641674E-003     0.0000000E+000
     10.196216     1.5642338E-003     0.0000000E+000
     10.264190     1.5786854E-003     0.0000000E+000
     10.332618     1.5816878E-003     0.0000000E+000
     10.401503     1.5972912E-003     0.0000000E+000
     10.470846     1.5828888E-003     0.0000000E+000
     10.540651     1.5759521E-003     0.0000000E+000
     10.610923     1.5898893E-003     0.0000000E+000
     10.681662     1.5674056E-003     0.0000000E+000
     10.752873     1.5811320E-003     0.0000000E+000
     10.824559     1.5651614E-003     0.0000000E+000
     10.896723     1.5843221E-003     0.0000000E+000
     10.969367     1.6089077E-003     0.0000000E+000
     11.042497     1.6027653E-003     0.0000000E+000
     11.116113     1.5747985E-003     0.0000000E+000
     11.190221     1.5929643E-003     0.0000000E+000
     11.264822     1.5826021E-003     0.0000000E+000
     11.339921     1.5969177E-003     0.0000000E+000
     11.415520     1.5740703E-003     0.0000000E+000
     11.491624     1.5757795E-003     0.0000000E+000
     11.568235     1.5942261E-003     0.0000000E+000
     11.645356     1.5963307E-003     0.0000000E+000
     11.722992     1.6184463E-003     0.0000000E+000
     11.801145     1.5981423E-003     0.0000000E+000
     11.879820     1.5994209E-003     0.0000000E+000
     11.959018     1.5936677E-003     0.0000000E+000
     12.038745     1.6009918E-003     0.0000000E+000
     12.119003     1.6078721E-003     0.0000000E+000
     12.199797     1.5835171E-003     0.0000000E+000
     12.281129     1.6169408E-003     0.0000000E+000
     12.363003     1.6112060E-003     0.0000000E+000
     12.445423     1.6243282E-003     0.0000000E+000
     12.528392     1.6324748E-003     0.0000000E+000
     12.611915     1.6375823E-003     0.0000000E+000
     12.695994     1.6238230E-003     0.0000000E+000
     12.780634     1.6329122E-003     0.0000000E+000
     12.865839     1.6322048E-003     0.0000000E+000
     12.951611     1.6292794E-003     0.0000000E+000
     13.037955     1.6459465E-003     0.0000000E+000
     13.124875     1.6274490E-003     0.0000000E+000
     13.212374     1.6586488E-003     0.0000000E+000
     13.300456     1.6608504E-003     0.0000000E+000
     13.389126     1.6362764E-003     0.0000000E+000
     13.478387     1.6838824E-003     0.0000000E+000
     13.568243     1.6645490E-003     0.0000000E+000
     13.658698     1.6634966E-003     0.0000000E+000
     13.749756     1.6605221E-003     0.0000000E+000
     13.841421     1.6797265E-003     0.0000000E+000
     13.933697     1.6676493E-003     0.0000000E+000
     14.026588     1.6789997E-003     0.0000000E+000
     14.120099     1.6867197E-003     0.0000000E+000
     14.214233     1.6809045E-003     0.0000000E+000
     14.308994     1.6853989E-003     0.0000000E+000
     14.404388     1.6860881E-003     0.0000000E+000
     14.500417     1.7037492E-003     0.0000000E+000
     14.597086     1.6930189E-003     0.0000000E+000
     14.694400     1.7002506E-003     0.0000000E+000
     14.792363     1.6926504E-003     0.0000000E+000
     14.890979     1.7505770E-003     0.0000000E+000
     14.990252     1.7103441E-003     0.0000000E+000
     15.090187     1.6892614E-003     0.0000000E+000
     15.190788     1.7117089E-003     0.0000000E+000
     15.292060     1.7012097E-003     0.0000000E+000
     15.394007     1.6961207E-003     0.0000000E+000
     15.496634     1.6790911E-003     0.0000000E+000
     15.599945     1.7030707E-003     0.0000000E+000
     15.703944     1.6798814E-003     0.0000000E+000
     15.808637     1.6809319E-003     0.0000000E+000
     15.914028     1.6574139E-003     0.0000000E+000
     16.020122     1.6868362E-003     0.0000000E+000
     16.126923     1.6736738E-003     0.0000000E+000
     16.234435     1.7026002E-003     0.0000000E+000
     16.342665     1.6725083E-003     0.0000000E+000
     16.451616     1.6778773E-003     0.0000000E+000
     16.561294     1.6752157E-003     0.0000000E+000
     16.671702     1.6785203E-003     0.0000000E+000
     16.782847     1.6704316E-003     0.0000000E+000
     16.894732     1.6681022E-003     0.0000000E+000
     17.007364     1.6436922E-003     0.0000000E+000
     17.120746     1.6621640E-003     0.0000000E+000
     17.234885     1.6814265E-003     0.0000000E+000
     17.349784     1.6818800E-003     0.0000000E+000
     17.465449     1.6628554E-003     0.0000000E+000
     17.581886     1.6834865E-003     0.0000000E+000
     17.699098     1.6686897E-003     0.0000000E+000
     17.817092     1.6510675E-003     0.0000000E+000
     17.935873     1.6633255E-003     0.0000000E+000
     18.055445     1.6607603E-003     0.0000000E+000
     18.175815     1.6657425E-003     0.0000000E+000
     18.296987     1.6484762E-003     0.0000000E+000
     18.418967     1.6630835E-003     0.0000000E+000
     18.541760     1.6843727E-003     0.0000000E+000
     18.665372     1.6793085E-003     0.0000000E+000
     18.789808     1.6527913E-003     0.0000000E+000
     18.915073     1.6537493E-003     0.0000000E+000
     19.041173     1.6409786E-003     0.0000000E+000
     19.168115     1.6503817E-003     0.0000000E+000
     19.295902     1.6763973E-003     0.0000000E+000
     19.424541     1.6841480E-003     0.0000000E+000
     19.554038     1.6509398E-003     0.0000000E+000
     19.684399     1.6525858E-003     0.0000000E+000
     19.815628     1.6696259E-003     0.0000000E+000
     19.947732     1.6660104E-003     0.0000000E+000
     20.080717     1.6405242E-003     0.0000000E+000
     20.214588     1.6696841E-003     0.0000000E+000
     20.349352     1.6793463E-003     0.0000000E+000
     20.485015     1.6688162E-003     0.0000000E+000
     20.621581     1.6521174E-003     0.0000000E+000
     20.759059     1.6596885E-003     0.0000000E+000
     20.897452     1.6511400E-003     0.0000000E+000
     21.036769     1.6802496E-003     0.0000000E+000
     21.177014     1.6891765E-003     0.0000000E+000
     21.318194     1.6746459E-003     0.0000000E+000
     21.460315     1.6341060E-003     0.0000000E+000
     21.603384     1.6868400E-003     0.0000000E+000
     21.747407     1.6655689E-003     0.0000000E+000
     21.892389     1.6796526E-003     0.0000000E+000
     22.038338     1.6667674E-003     0.0000000E+000
     22.185261     1.6751846E-003     0.0000000E+000
     22.333162     1.6776072E-003     0.0000000E+000
     22.482050     1.6612468E-003     0.0000000E+000
     22.631931     1.6886482E-003     0.0000000E+000
     22.782810     1.6392268E-003     0.0000000E+000
     22.934695     1.6920729E-003     0.0000000E+000
     23.087593     1.6489530E-003     0.0000000E+000
     23.241511     1.6450267E-003     0.0000000E+000
     23.396454     1.6475464E-003     0.0000000E+000
     23.552431     1.6981347E-003     0.0000000E+000
     23.709447     1.6695638E-003     0.0000000E+000
     23.867510     1.7100769E-003     0.0000000E+000
     24.026626     1.6551084E-003     0.0000000E+000
     24.186804     1.6443703E-003     0.0000000E+000
     24.348049     1.6602697E-003     0.0000000E+000
     24.510370     1.6734404E-003     0.0000000E+000
     24.673772     1.6661295E-003     0.0000000E+000
     24.838264     1.6415070E-003     0.0000000E+000
     25.003852     1.6994139E-003     0.0000000E+000
     25.170545     1.6784028E-003     0.0000000E+000
     25.338348     1.6834310E-003     0.0000000E+000
     25.507271     1.6727552E-003     0.0000000E+000
     25.677319     1.6700844E-003     0.0000000E+000
     25.848501     1.6437488E-003     0.0000000E+000
     26.020825     1.6814883E-003     0.0000000E+000
     26.194297     1.6513453E-003     0.0000000E+000
     26.368925     1.6378507E-003     0.0000000E+000
     26.544718     1.6994717E-003     0.0000000E+000
     26.721683     1.7176680E-003     0.0000000E+000
     26.899828     1.6400830E-003     0.0000000E+000
     27.079160     1.6732215E-003     0.0000000E+000
     27.259687     1.6867816E-003     0.0000000E+000
     27.441419     1.6292886E-003     0.0000000E+000
     27.624362     1.6417689E-003     0.0000000E+000
     27.808524     1.6584245E-003     0.0000000E+000
     27.993914     1.6947641E-003     0.0000000E+000
     28.180540     1.6895801E-003     0.0000000E+000
     28.368410     1.7138849E-003     0.0000000E+000
     28.557533     1.6968213E-003     0.0000000E+000
     28.747917     1.6492074E-003     0.0000000E+000
     28.939570     1.6447396E-003     0.0000000E+000
     29.132500     1.6646615E-003     0.0000000E+000
     29.326717     1.6656392E-003     0.0000000E+000
     29.522228     1.6893852E-003     0.0000000E+000
     29.719043     1.6511691E-003     0.0000000E+000
     29.917170     1.6691948E-003     0.0000000E+000
     30.116618     1.6910493E-003     0.0000000E+000
     30.317395     1.6353953E-003     0.0000000E+000
     30.519511     1.7095640E-003     0.0000000E+000
     30.722975     1.6823151E-003     0.0000000E+000
     30.927794     1.6773714E-003     0.0000000E+000
     31.133980     1.6988087E-003     0.0000000E+000
     31.341540     1.6336935E-003     0.0000000E+000
     31.550483     1.6435434E-003     0.0000000E+000
     31.760820     1.6626332E-003     0.0000000E+000
     31.972558     1.6767543E-003     0.0000000E+000
     32.185709     1.6574817E-003     0.0000000E+000
     32.400280     1.6676176E-003     0.0000000E+000
     32.616282     1.6389012E-003     0.0000000E+000
     32.833724     1.6944766E-003     0.0000000E+000
     33.052615     1.7355288E-003     0.0000000E+000
     33.272966     1.6808343E-003     0.0000000E+000
     33.494786     1.6785710E-003     0.0000000E+000
     33.718085     1.6515311E-003     0.0000000E+000
     33.942872     1.6458031E-003     0.0000000E+000
     34.169158     1.6569791E-003     0.0000000E+000
     34.396952     1.7020937E-003     0.0000000E+000
     34.626265     1.6985661E-003     0.0000000E+000
     34.857107     1.6825493E-003     0.0000000E+000
     35.089488     1.7113246E-003     0.0000000E+000
     35.323417     1.6922506E-003     0.0000000E+000
     35.558907     1.6888266E-003     0.0000000E+000
     35.795966     1.6993600E-003     0.0000000E+000
     36.034606     1.6888715E-003     0.0000000E+000
     36.274837     1.6991181E-003     0.0000000E+000
     36.516669     1.6466210E-003     0.0000000E+000
     36.760113     1.7026881E-003     0.0000000E+000
     37.005181     1.6699730E-003     0.0000000E+000
     37.251882     1.7131990E-003     0.0000000E+000
     37.500228     1.7004088E-003     0.0000000E+000
     37.750229     1.6931791E-003     0.0000000E+000
     38.001898     1.6838111E-003     0.0000000E+000
     38.255244     1.6744639E-003     0.0000000E+000
     38.510279     1.6439528E-003     0.0000000E+000
     38.767014     1.6581589E-003     0.0000000E+000
     39.025461     1.6701036E-003     0.0000000E+000
     39.285630     1.7074741E-003     0.0000000E+000
     39.547535     1.6506878E-003     0.0000000E+000
     39.811185     1.6692250E-003     0.0000000E+000
     40.076593     1.7228915E-003     0.0000000E+000
     40.343770     1.7249100E-003     0.0000000E+000
     40.612728     1.7335053E-003     0.0000000E+000
     40.883480     1.7178452E-003     0.0000000E+000
     41.156036     1.6722456E-003     0.0000000E+000
     41.430410     1.6839361E-003     0.0000000E+000
     41.706613     1.6566150E-003     0.0000000E+000
     41.984657     1.6590088E-003     0.0000000E+000
     42.264555     1.6654578E-003     0.0000000E+000
     42.546318     1.6872076E-003     0.0000000E+000
     42.829960     1.6764412E-003     0.0000000E+000
     43.115493     1.7467427E-003     0.0000000E+000
     43.402930     1.6881973E-003     0.0000000E+000
     43.692283     1.7095200E-003     0.0000000E+000
     43.983565     1.7219298E-003     0.0000000E+000
     44.276789     1.6759147E-003     0.0000000E+000
     44.571967     1.6816820E-003     0.0000000E+000
     44.869114     1.7010484E-003     0.0000000E+000
     45.168241     1.6937956E-003     0.0000000E+000
     45.469363     1.6835767E-003     0.0000000E+000
     45.772492     1.6647129E-003     0.0000000E+000
     46.077642     1.7060933E-003     0.0000000E+000
     46.384826     1.6856535E-003     0.0000000E+000
     46.694058     1.6837101E-003     0.0000000E+000
     47.005352     1.7099219E-003     0.0000000E+000
     47.318721     1.7019162E-003     0.0000000E+000
     47.634179     1.6764962E-003     0.0000000E+000
     47.951740     1.6993323E-003     0.0000000E+000
     48.271418     1.6527366E-003     0.0000000E+000
     48.593228     1.7298245E-003     0.0000000E+000
     48.917183     1.6788007E-003     0.0000000E+000
     49.243297     1.7001672E-003     0.0000000E+000
     49.571586     1.6750896E-003     0.0000000E+000
     49.902063     1.3549048E-003     0.0000000E+000
