
      0.100000     1.6448272E-003     0.0000000E+000
      0.100667     1.6894256E-003     0.0000000E+000
      0.101338     1.7324883E-003     0.0000000E+000
      0.102013     1.7738179E-003     0.0000000E+000
      0.102693     1.8132302E-003     0.0000000E+000
      0.103378     1.8505530E-003     0.0000000E+000
      0.104067     1.8856249E-003     0.0000000E+000
      0.104761     1.9182962E-003     0.0000000E+000
      0.105459     1.9484309E-003     0.0000000E+000
      0.106163     1.9759089E-003     0.0000000E+000
      0.106870     2.0006307E-003     0.0000000E+000
      0.107583     2.0225201E-003     0.0000000E+000
      0.108300     2.0415281E-003     0.0000000E+000
      0.109022     2.0576336E-003     0.0000000E+000
      0.109749     2.0708425E-003     0.0000000E+000
      0.110480     2.0811832E-003     0.0000000E+000
      0.111217     2.0887007E-003     0.0000000E+000
      0.111958     2.0934501E-003     0.0000000E+000
      0.112705     2.0954896E-003     0.0000000E+000
      0.113456     2.0948766E-003     0.0000000E+000
      0.114213     2.0916661E-003     0.0000000E+000
      0.114974     2.0859124E-003     0.0000000E+000
      0.115740     2.0776740E-003     0.0000000E+000
      0.116512     2.0670213E-003     0.0000000E+000
      0.117289     2.0540480E-003     0.0000000E+000
      0.118071     2.0388893E-003     0.0000000E+000
      0.118858     2.0217549E-003     0.0000000E+000
      0.119650     2.0029974E-003     0.0000000E+000
      0.120448     1.9832536E-003     0.0000000E+000
      0.121251     1.9637107E-003     0.0000000E+000
      0.122059     1.9464620E-003     0.0000000E+000
      0.122873     1.9345098E-003     0.0000000E+000
      0.123692     1.9304782E-003     0.0000000E+000
      0.124517     1.9344585E-003     0.0000000E+000
      0.125347     1.9438767E-003     0.0000000E+000
      0.126182     1.9556169E-003     0.0000000E+000
      0.127024     1.9674733E-003     0.0000000E+000
      0.127871     1.9782249E-003     0.0000000E+000
      0.128723     1.9872728E-003     0.0000000E+000
      0.129581     1.9943532E-003     0.0000000E+000
      0.130445     1.9993811E-003     0.0000000E+000
      0.131315     2.0023782E-003     0.0000000E+000
      0.132190     2.0034417E-003     0.0000000E+000
      0.133071     2.0027343E-003     0.0000000E+000
      0.133959     2.0004841E-003     0.0000000E+000
      0.134852     1.9969861E-003     0.0000000E+000
      0.135751     1.9926014E-003     0.0000000E+000
      0.136656     1.9877440E-003     0.0000000E+000
      0.137567     1.9828497E-003     0.0000000E+000
      0.138484     1.9783261E-003     0.0000000E+000
      0.139407     1.9744909E-003     0.0000000E+000
      0.140336     1.9715223E-003     0.0000000E+000
      0.141272     1.9694427E-003     0.0000000E+000
      0.142214     1.9681441E-003     0.0000000E+000
      0.143162     1.9674404E-003     0.0000000E+000
      0.144116     1.9671230E-003     0.0000000E+000
      0.145077     1.9670005E-003     0.0000000E+000
      0.146044     1.9669192E-003     0.0000000E+000
      0.147018     1.9667669E-003     0.0000000E+000
      0.147998     1.9664680E-003     0.0000000E+000
      0.148985     1.9659751E-003     0.0000000E+000
      0.149978     1.9652610E-003     0.0000000E+000
      0.150978     1.9643113E-003     0.0000000E+000
      0.151984     1.9631205E-003     0.0000000E+000
      0.152997     1.9616877E-003     0.0000000E+000
      0.154017     1.9600152E-003     0.0000000E+000
      0.155044     1.9581068E-003     0.0000000E+000
      0.156078     1.9559670E-003     0.0000000E+000
      0.157118     1.9536012E-003     0.0000000E+000
      0.158166     1.9510146E-003     0.0000000E+000
      0.159220     1.9482127E-003     0.0000000E+000
      0.160282     1.9452009E-003     0.0000000E+000
      0.161350     1.9419849E-003     0.0000000E+000
      0.162426     1.9385701E-003     0.0000000E+000
      0.163509     1.9349621E-003     0.0000000E+000
      0.164599     1.9311662E-003     0.0000000E+000
      0.165696     1.9271879E-003     0.0000000E+000
      0.166801     1.9230327E-003     0.0000000E+000
      0.167913     1.9187059E-003     0.0000000E+000
      0.169032     1.9142129E-003     0.0000000E+000
      0.170159     1.9095590E-003     0.0000000E+000
      0.171293     1.9047494E-003     0.0000000E+000
      0.172435     1.8997893E-003     0.0000000E+000
      0.173585     1.8946840E-003     0.0000000E+000
      0.174742     1.8894384E-003     0.0000000E+000
      0.175907     1.8840577E-003     0.0000000E+000
      0.177080     1.8785469E-003     0.0000000E+000
      0.178260     1.8729108E-003     0.0000000E+000
      0.179449     1.8671543E-003     0.0000000E+000
      0.180645     1.8612822E-003     0.0000000E+000
      0.181849     1.8552992E-003     0.0000000E+000
      0.183062     1.8492100E-003     0.0000000E+000
      0.184282     1.8430191E-003     0.0000000E+000
      0.185511     1.8367310E-003     0.0000000E+000
      0.186747     1.8303501E-003     0.0000000E+000
      0.187992     1.8238808E-003     0.0000000E+000
      0.189246     1.8173272E-003     0.0000000E+000
      0.190507     1.8106936E-003     0.0000000E+000
      0.191777     1.8039840E-003     0.0000000E+000
      0.193056     1.7972024E-003     0.0000000E+000
      0.194343     1.7903527E-003     0.0000000E+000
      0.195639     1.7834388E-003     0.0000000E+000
      0.196943     1.7764643E-003     0.0000000E+000
      0.198256     1.7694331E-003     0.0000000E+000
      0.199577     1.7623485E-003     0.0000000E+000
      0.200908     1.7552142E-003     0.0000000E+000
      0.202247     1.7480335E-003     0.0000000E+000
      0.203596     1.7408097E-003     0.0000000E+000
      0.204953     1.7335462E-003     0.0000000E+000
      0.206319     1.7262459E-003     0.0000000E+000
      0.207695     1.7189122E-003     0.0000000E+000
      0.209079     1.7115478E-003     0.0000000E+000
      0.210473     1.7041559E-003     0.0000000E+000
      0.211876     1.6967391E-003     0.0000000E+000
      0.213289     1.6893003E-003     0.0000000E+000
      0.214711     1.6818422E-003     0.0000000E+000
      0.216142     1.6743674E-003     0.0000000E+000
      0.217583     1.6668784E-003     0.0000000E+000
      0.219034     1.6593778E-003     0.0000000E+000
      0.220494     1.6518678E-003     0.0000000E+000
      0.221964     1.6443510E-003     0.0000000E+000
      0.223444     1.6368295E-003     0.0000000E+000
      0.224933     1.6293054E-003     0.0000000E+000
      0.226433     1.6217811E-003     0.0000000E+000
      0.227943     1.6142584E-003     0.0000000E+000
      0.229462     1.6067394E-003     0.0000000E+000
      0.230992     1.5992259E-003     0.0000000E+000
      0.232532     1.5917197E-003     0.0000000E+000
      0.234082     1.5842226E-003     0.0000000E+000
      0.235643     1.5767360E-003     0.0000000E+000
      0.237214     1.5692614E-003     0.0000000E+000
      0.238795     1.5617998E-003     0.0000000E+000
      0.240387     1.5543522E-003     0.0000000E+000
      0.241990     1.5469185E-003     0.0000000E+000
      0.243603     1.5394964E-003     0.0000000E+000
      0.245227     1.5320763E-003     0.0000000E+000
      0.246862     1.5246300E-003     0.0000000E+000
      0.248507     1.5170915E-003     0.0000000E+000
      0.250164     1.5093324E-003     0.0000000E+000
      0.251832     1.5011421E-003     0.0000000E+000
      0.253511     1.4922243E-003     0.0000000E+000
      0.255201     1.4822194E-003     0.0000000E+000
      0.256902     1.4707552E-003     0.0000000E+000
      0.258615     1.4575166E-003     0.0000000E+000
      0.260339     1.4423170E-003     0.0000000E+000
      0.262075     1.4251510E-003     0.0000000E+000
      0.263822     1.4062117E-003     0.0000000E+000
      0.265580     1.3858697E-003     0.0000000E+000
      0.267351     1.3646196E-003     0.0000000E+000
      0.269133     1.3430132E-003     0.0000000E+000
      0.270928     1.3215938E-003     0.0000000E+000
      0.272734     1.3008442E-003     0.0000000E+000
      0.274552     1.2811544E-003     0.0000000E+000
      0.276382     1.2628078E-003     0.0000000E+000
      0.278225     1.2459834E-003     0.0000000E+000
      0.280080     1.2307670E-003     0.0000000E+000
      0.281947     1.2171686E-003     0.0000000E+000
      0.283827     1.2051407E-003     0.0000000E+000
      0.285719     1.1945957E-003     0.0000000E+000
      0.287624     1.1854205E-003     0.0000000E+000
      0.289541     1.1774893E-003     0.0000000E+000
      0.291471     1.1706717E-003     0.0000000E+000
      0.293414     1.1648399E-003     0.0000000E+000
      0.295371     1.1598724E-003     0.0000000E+000
      0.297340     1.1556569E-003     0.0000000E+000
      0.299322     1.1520916E-003     0.0000000E+000
      0.301317     1.1766160E-003     0.0000000E+000
      0.303326     1.1819628E-003     0.0000000E+000
      0.305348     1.1841776E-003     0.0000000E+000
      0.307384     1.1971340E-003     0.0000000E+000
      0.309433     1.1987582E-003     0.0000000E+000
      0.311496     1.1982698E-003     0.0000000E+000
      0.313573     1.2176548E-003     0.0000000E+000
      0.315663     1.2163942E-003     0.0000000E+000
      0.317768     1.2067036E-003     0.0000000E+000
      0.319886     1.1953175E-003     0.0000000E+000
      0.322019     1.1963997E-003     0.0000000E+000
      0.324166     1.1886984E-003     0.0000000E+000
      0.326327     1.2046032E-003     0.0000000E+000
      0.328502     1.2042283E-003     0.0000000E+000
      0.330692     1.2231306E-003     0.0000000E+000
      0.332897     1.2283865E-003     0.0000000E+000
      0.335116     1.2479379E-003     0.0000000E+000
      0.337350     1.2520728E-003     0.0000000E+000
      0.339599     1.2369078E-003     0.0000000E+000
      0.341863     1.2302621E-003     0.0000000E+000
      0.344142     1.2217056E-003     0.0000000E+000
      0.346437     1.2161974E-003     0.0000000E+000
      0.348746     1.2235994E-003     0.0000000E+000
      0.351071     1.2103536E-003     0.0000000E+000
      0.353412     1.2222784E-003     0.0000000E+000
      0.355768     1.2317528E-003     0.0000000E+000
      0.358139     1.2445452E-003     0.0000000E+000
      0.360527     1.2622990E-003     0.0000000E+000
      0.362931     1.2943340E-003     0.0000000E+000
      0.365350     1.2912723E-003     0.0000000E+000
      0.367786     1.2768731E-003     0.0000000E+000
      0.370238     1.2585742E-003     0.0000000E+000
      0.372706     1.2516831E-003     0.0000000E+000
      0.375191     1.2484432E-003     0.0000000E+000
      0.377692     1.2630271E-003     0.0000000E+000
      0.380210     1.2591867E-003     0.0000000E+000
      0.382745     1.2594213E-003     0.0000000E+000
      0.385296     1.2490433E-003     0.0000000E+000
      0.387865     1.2403968E-003     0.0000000E+000
      0.390451     1.2473831E-003     0.0000000E+000
      0.393054     1.2719755E-003     0.0000000E+000
      0.395674     1.3064437E-003     0.0000000E+000
      0.398312     1.3294916E-003     0.0000000E+000
      0.400967     1.3280835E-003     0.0000000E+000
      0.403640     1.3150824E-003     0.0000000E+000
      0.406331     1.2963017E-003     0.0000000E+000
      0.409040     1.2748473E-003     0.0000000E+000
      0.411767     1.2648780E-003     0.0000000E+000
      0.414512     1.2835495E-003     0.0000000E+000
      0.417276     1.3139901E-003     0.0000000E+000
      0.420057     1.3113292E-003     0.0000000E+000
      0.422858     1.3058886E-003     0.0000000E+000
      0.425677     1.3047794E-003     0.0000000E+000
      0.428515     1.2904563E-003     0.0000000E+000
      0.431371     1.2792262E-003     0.0000000E+000
      0.434247     1.2724434E-003     0.0000000E+000
      0.437142     1.2967582E-003     0.0000000E+000
      0.440057     1.3427911E-003     0.0000000E+000
      0.442990     1.3778708E-003     0.0000000E+000
      0.445944     1.3776282E-003     0.0000000E+000
      0.448916     1.3647294E-003     0.0000000E+000
      0.451909     1.3500926E-003     0.0000000E+000
      0.454922     1.3342129E-003     0.0000000E+000
      0.457955     1.3148767E-003     0.0000000E+000
      0.461008     1.3014223E-003     0.0000000E+000
      0.464081     1.3115977E-003     0.0000000E+000
      0.467175     1.3422977E-003     0.0000000E+000
      0.470290     1.3675596E-003     0.0000000E+000
      0.473425     1.3644390E-003     0.0000000E+000
      0.476581     1.3606704E-003     0.0000000E+000
      0.479758     1.3471528E-003     0.0000000E+000
      0.482957     1.3391748E-003     0.0000000E+000
      0.486176     1.3629908E-003     0.0000000E+000
      0.489417     1.3468570E-003     0.0000000E+000
      0.492680     1.3504053E-003     0.0000000E+000
      0.495965     1.3504262E-003     0.0000000E+000
      0.499271     1.3822294E-003     0.0000000E+000
      0.502600     1.4286663E-003     0.0000000E+000
      0.505950     1.4340684E-003     0.0000000E+000
      0.509323     1.4289119E-003     0.0000000E+000
      0.512719     1.4195402E-003     0.0000000E+000
      0.516137     1.4003522E-003     0.0000000E+000
      0.519578     1.3768636E-003     0.0000000E+000
      0.523042     1.3677879E-003     0.0000000E+000
      0.526529     1.3658423E-003     0.0000000E+000
      0.530039     1.3699361E-003     0.0000000E+000
      0.533572     1.3705180E-003     0.0000000E+000
      0.537130     1.3875089E-003     0.0000000E+000
      0.540711     1.4221356E-003     0.0000000E+000
      0.544315     1.4245382E-003     0.0000000E+000
      0.547944     1.4211082E-003     0.0000000E+000
      0.551597     1.4135319E-003     0.0000000E+000
      0.555274     1.4008887E-003     0.0000000E+000
      0.558976     1.3867782E-003     0.0000000E+000
      0.562703     1.3814936E-003     0.0000000E+000
      0.566454     1.3960682E-003     0.0000000E+000
      0.570230     1.4334457E-003     0.0000000E+000
      0.574032     1.4285745E-003     0.0000000E+000
      0.577859     1.4306832E-003     0.0000000E+000
      0.581711     1.4445988E-003     0.0000000E+000
      0.585589     1.4581969E-003     0.0000000E+000
      0.589493     1.5185006E-003     0.0000000E+000
      0.593423     1.5000688E-003     0.0000000E+000
      0.597379     1.4954158E-003     0.0000000E+000
      0.601362     1.4887456E-003     0.0000000E+000
      0.605371     1.4694277E-003     0.0000000E+000
      0.609407     1.4484917E-003     0.0000000E+000
      0.613469     1.4265179E-003     0.0000000E+000
      0.617559     1.4180286E-003     0.0000000E+000
      0.621676     1.4146567E-003     0.0000000E+000
      0.625821     1.4366544E-003     0.0000000E+000
      0.629993     1.4290732E-003     0.0000000E+000
      0.634193     1.4381080E-003     0.0000000E+000
      0.638421     1.4487256E-003     0.0000000E+000
      0.642677     1.4618023E-003     0.0000000E+000
      0.646961     1.5035578E-003     0.0000000E+000
      0.651275     1.4911434E-003     0.0000000E+000
      0.655616     1.4855055E-003     0.0000000E+000
      0.659987     1.4775207E-003     0.0000000E+000
      0.664387     1.4684913E-003     0.0000000E+000
      0.668816     1.4531413E-003     0.0000000E+000
      0.673275     1.4409074E-003     0.0000000E+000
      0.677764     1.4369240E-003     0.0000000E+000
      0.682282     1.4362457E-003     0.0000000E+000
      0.686831     1.4318079E-003     0.0000000E+000
      0.691409     1.4963613E-003     0.0000000E+000
      0.696019     1.5040448E-003     0.0000000E+000
      0.700659     1.5087479E-003     0.0000000E+000
      0.705330     1.5166442E-003     0.0000000E+000
      0.710032     1.5293845E-003     0.0000000E+000
      0.714766     1.5641153E-003     0.0000000E+000
      0.719531     1.5954069E-003     0.0000000E+000
      0.724328     1.5828483E-003     0.0000000E+000
      0.729157     1.5756075E-003     0.0000000E+000
      0.734018     1.5661589E-003     0.0000000E+000
      0.738911     1.5603079E-003     0.0000000E+000
      0.743837     1.5456139E-003     0.0000000E+000
      0.748796     1.5338280E-003     0.0000000E+000
      0.753788     1.5203265E-003     0.0000000E+000
      0.758813     1.5026609E-003     0.0000000E+000
      0.763872     1.4823321E-003     0.0000000E+000
      0.768964     1.4691768E-003     0.0000000E+000
      0.774091     1.4594038E-003     0.0000000E+000
      0.779252     1.4735572E-003     0.0000000E+000
      0.784447     1.4888657E-003     0.0000000E+000
      0.789676     1.4908183E-003     0.0000000E+000
      0.794941     1.4987462E-003     0.0000000E+000
      0.800240     1.5243466E-003     0.0000000E+000
      0.805575     1.5390964E-003     0.0000000E+000
      0.810946     1.5903973E-003     0.0000000E+000
      0.816352     1.5877569E-003     0.0000000E+000
      0.821794     1.5851239E-003     0.0000000E+000
      0.827273     1.5755637E-003     0.0000000E+000
      0.832788     1.5771194E-003     0.0000000E+000
      0.838340     1.5693063E-003     0.0000000E+000
      0.843929     1.5606097E-003     0.0000000E+000
      0.849555     1.5490184E-003     0.0000000E+000
      0.855219     1.5341266E-003     0.0000000E+000
      0.860920     1.5199370E-003     0.0000000E+000
      0.866660     1.5094083E-003     0.0000000E+000
      0.872438     1.5043396E-003     0.0000000E+000
      0.878254     1.4945274E-003     0.0000000E+000
      0.884109     1.4899316E-003     0.0000000E+000
      0.890003     1.5369348E-003     0.0000000E+000
      0.895936     1.5725646E-003     0.0000000E+000
      0.901909     1.5731713E-003     0.0000000E+000
      0.907922     1.5690677E-003     0.0000000E+000
      0.913975     1.6019030E-003     0.0000000E+000
      0.920068     1.6081031E-003     0.0000000E+000
      0.926202     1.6557948E-003     0.0000000E+000
      0.932376     1.6981011E-003     0.0000000E+000
      0.938592     1.6983019E-003     0.0000000E+000
      0.944849     1.6818026E-003     0.0000000E+000
      0.951148     1.6809785E-003     0.0000000E+000
      0.957489     1.6889922E-003     0.0000000E+000
      0.963873     1.6769013E-003     0.0000000E+000
      0.970299     1.6685237E-003     0.0000000E+000
      0.976767     1.6658423E-003     0.0000000E+000
      0.983279     1.6584587E-003     0.0000000E+000
      0.989834     1.6424945E-003     0.0000000E+000
      0.996433     1.6313010E-003     0.0000000E+000
      1.003076     1.6160238E-003     0.0000000E+000
      1.009763     1.5949245E-003     0.0000000E+000
      1.016495     1.5764213E-003     0.0000000E+000
      1.023272     1.5597153E-003     0.0000000E+000
      1.030093     1.5459034E-003     0.0000000E+000
      1.036961     1.5298181E-003     0.0000000E+000
      1.043874     1.5281840E-003     0.0000000E+000
      1.050833     1.5262706E-003     0.0000000E+000
      1.057838     1.5198674E-003     0.0000000E+000
      1.064891     1.5245640E-003     0.0000000E+000
      1.071990     1.5275456E-003     0.0000000E+000
      1.079137     1.5402543E-003     0.0000000E+000
      1.086331     1.5668234E-003     0.0000000E+000
      1.093573     1.6380763E-003     0.0000000E+000
      1.100863     1.6615769E-003     0.0000000E+000
      1.108203     1.6713936E-003     0.0000000E+000
      1.115591     1.6937844E-003     0.0000000E+000
      1.123028     1.6961033E-003     0.0000000E+000
      1.130515     1.7008360E-003     0.0000000E+000
      1.138051     1.7007968E-003     0.0000000E+000
      1.145638     1.6977685E-003     0.0000000E+000
      1.153276     1.6951562E-003     0.0000000E+000
      1.160965     1.6920407E-003     0.0000000E+000
      1.168704     1.6911466E-003     0.0000000E+000
      1.176496     1.6874281E-003     0.0000000E+000
      1.184339     1.6749108E-003     0.0000000E+000
      1.192235     1.6577788E-003     0.0000000E+000
      1.200183     1.6416813E-003     0.0000000E+000
      1.208184     1.6321291E-003     0.0000000E+000
      1.216239     1.6172766E-003     0.0000000E+000
      1.224347     1.6103091E-003     0.0000000E+000
      1.232509     1.5969963E-003     0.0000000E+000
      1.240726     1.5869242E-003     0.0000000E+000
      1.248997     1.5744302E-003     0.0000000E+000
      1.257324     1.5687400E-003     0.0000000E+000
      1.265706     1.5718225E-003     0.0000000E+000
      1.274144     1.5765053E-003     0.0000000E+000
      1.282639     1.5849142E-003     0.0000000E+000
      1.291189     1.5953177E-003     0.0000000E+000
      1.299797     1.6034084E-003     0.0000000E+000
      1.308463     1.6114911E-003     0.0000000E+000
      1.317186     1.6314374E-003     0.0000000E+000
      1.325967     1.6546462E-003     0.0000000E+000
      1.334807     1.7415538E-003     0.0000000E+000
      1.343706     1.7673214E-003     0.0000000E+000
      1.352664     1.7901619E-003     0.0000000E+000
      1.361681     1.8049289E-003     0.0000000E+000
      1.370759     1.8092221E-003     0.0000000E+000
      1.379898     1.8022760E-003     0.0000000E+000
      1.389097     1.7949660E-003     0.0000000E+000
      1.398358     1.8018670E-003     0.0000000E+000
      1.407680     1.8135545E-003     0.0000000E+000
      1.417064     1.8210702E-003     0.0000000E+000
      1.426512     1.8222928E-003     0.0000000E+000
      1.436022     1.8214015E-003     0.0000000E+000
      1.445595     1.8084068E-003     0.0000000E+000
      1.455232     1.7814528E-003     0.0000000E+000
      1.464934     1.7862753E-003     0.0000000E+000
      1.474700     1.7730969E-003     0.0000000E+000
      1.484532     1.7685971E-003     0.0000000E+000
      1.494428     1.7568362E-003     0.0000000E+000
      1.504391     1.7494522E-003     0.0000000E+000
      1.514421     1.7305554E-003     0.0000000E+000
      1.524517     1.7185074E-003     0.0000000E+000
      1.534680     1.7048253E-003     0.0000000E+000
      1.544911     1.6870956E-003     0.0000000E+000
      1.555211     1.6712456E-003     0.0000000E+000
      1.565579     1.6517915E-003     0.0000000E+000
      1.576016     1.6368406E-003     0.0000000E+000
      1.586523     1.6217650E-003     0.0000000E+000
      1.597100     1.6070862E-003     0.0000000E+000
      1.607747     1.5955539E-003     0.0000000E+000
      1.618465     1.5855799E-003     0.0000000E+000
      1.629255     1.5808058E-003     0.0000000E+000
      1.640117     1.5773387E-003     0.0000000E+000
      1.651051     1.5800013E-003     0.0000000E+000
      1.662058     1.5876027E-003     0.0000000E+000
      1.673138     1.5789461E-003     0.0000000E+000
      1.684292     1.5700565E-003     0.0000000E+000
      1.695521     1.5856096E-003     0.0000000E+000
      1.706825     1.5980320E-003     0.0000000E+000
      1.718203     1.6363955E-003     0.0000000E+000
      1.729658     1.6571935E-003     0.0000000E+000
      1.741189     1.6665223E-003     0.0000000E+000
      1.752797     1.6770620E-003     0.0000000E+000
      1.764482     1.6943248E-003     0.0000000E+000
      1.776246     1.7163611E-003     0.0000000E+000
      1.788087     1.7309959E-003     0.0000000E+000
      1.800008     1.7411018E-003     0.0000000E+000
      1.812008     1.7509731E-003     0.0000000E+000
      1.824088     1.7597996E-003     0.0000000E+000
      1.836248     1.7652154E-003     0.0000000E+000
      1.848490     1.7823097E-003     0.0000000E+000
      1.860813     1.8003580E-003     0.0000000E+000
      1.873219     1.7849178E-003     0.0000000E+000
      1.885707     1.7650779E-003     0.0000000E+000
      1.898278     1.7580877E-003     0.0000000E+000
      1.910934     1.7471116E-003     0.0000000E+000
      1.923673     1.7474219E-003     0.0000000E+000
      1.936498     1.7675780E-003     0.0000000E+000
      1.949408     1.7710857E-003     0.0000000E+000
      1.962404     1.7673242E-003     0.0000000E+000
      1.975486     1.7669049E-003     0.0000000E+000
      1.988656     1.7629241E-003     0.0000000E+000
      2.001914     1.7573536E-003     0.0000000E+000
      2.015260     1.7477265E-003     0.0000000E+000
      2.028695     1.7329697E-003     0.0000000E+000
      2.042220     1.7111430E-003     0.0000000E+000
      2.055834     1.6964510E-003     0.0000000E+000
      2.069540     1.6799412E-003     0.0000000E+000
      2.083337     1.6606527E-003     0.0000000E+000
      2.097226     1.6502715E-003     0.0000000E+000
      2.111207     1.6330201E-003     0.0000000E+000
      2.125282     1.6210299E-003     0.0000000E+000
      2.139451     1.6047631E-003     0.0000000E+000
      2.153714     1.6048190E-003     0.0000000E+000
      2.168072     1.5961417E-003     0.0000000E+000
      2.182526     1.5981658E-003     0.0000000E+000
      2.197076     1.6017897E-003     0.0000000E+000
      2.211723     1.6021368E-003     0.0000000E+000
      2.226468     1.6072430E-003     0.0000000E+000
      2.241311     1.6083912E-003     0.0000000E+000
      2.256253     1.6057748E-003     0.0000000E+000
      2.271295     1.6101800E-003     0.0000000E+000
      2.286437     1.6131470E-003     0.0000000E+000
      2.301679     1.6073093E-003     0.0000000E+000
      2.317024     1.6210807E-003     0.0000000E+000
      2.332471     1.6183153E-003     0.0000000E+000
      2.348021     1.6407480E-003     0.0000000E+000
      2.363674     1.6498173E-003     0.0000000E+000
      2.379432     1.6635377E-003     0.0000000E+000
      2.395295     1.6554367E-003     0.0000000E+000
      2.411263     1.6875412E-003     0.0000000E+000
      2.427339     1.7022191E-003     0.0000000E+000
      2.443521     1.7234940E-003     0.0000000E+000
      2.459811     1.7376368E-003     0.0000000E+000
      2.476210     1.7594182E-003     0.0000000E+000
      2.492718     1.7696667E-003     0.0000000E+000
      2.509336     1.8043350E-003     0.0000000E+000
      2.526065     1.8024258E-003     0.0000000E+000
      2.542905     1.8200625E-003     0.0000000E+000
      2.559858     1.8304844E-003     0.0000000E+000
      2.576924     1.8199994E-003     0.0000000E+000
      2.594103     1.8213680E-003     0.0000000E+000
      2.611397     1.8117813E-003     0.0000000E+000
      2.628806     1.8210655E-003     0.0000000E+000
      2.646332     1.8195264E-003     0.0000000E+000
      2.663974     1.8413334E-003     0.0000000E+000
      2.681734     1.8561196E-003     0.0000000E+000
      2.699612     1.8740017E-003     0.0000000E+000
      2.717610     1.8704328E-003     0.0000000E+000
      2.735727     1.8535029E-003     0.0000000E+000
      2.753965     1.8416540E-003     0.0000000E+000
      2.772325     1.8618823E-003     0.0000000E+000
      2.790807     1.8514240E-003     0.0000000E+000
      2.809412     1.8682855E-003     0.0000000E+000
      2.828142     1.8615204E-003     0.0000000E+000
      2.846996     1.8671827E-003     0.0000000E+000
      2.865976     1.8440412E-003     0.0000000E+000
      2.885083     1.8477657E-003     0.0000000E+000
      2.904316     1.8615984E-003     0.0000000E+000
      2.923679     1.8475923E-003     0.0000000E+000
      2.943170     1.8385938E-003     0.0000000E+000
      2.962791     1.8441695E-003     0.0000000E+000
      2.982543     1.8251116E-003     0.0000000E+000
      3.002426     1.8287443E-003     0.0000000E+000
      3.022443     1.8077325E-003     0.0000000E+000
      3.042592     1.8162078E-003     0.0000000E+000
      3.062876     1.7939089E-003     0.0000000E+000
      3.083295     1.7782762E-003     0.0000000E+000
      3.103851     1.7802236E-003     0.0000000E+000
      3.124543     1.7642911E-003     0.0000000E+000
      3.145373     1.7652800E-003     0.0000000E+000
      3.166342     1.7508675E-003     0.0000000E+000
      3.187451     1.7426584E-003     0.0000000E+000
      3.208701     1.7475768E-003     0.0000000E+000
      3.230092     1.7314563E-003     0.0000000E+000
      3.251626     1.7139564E-003     0.0000000E+000
      3.273304     1.7149978E-003     0.0000000E+000
      3.295126     1.7167199E-003     0.0000000E+000
      3.317093     1.7109888E-003     0.0000000E+000
      3.339207     1.7003784E-003     0.0000000E+000
      3.361469     1.6999036E-003     0.0000000E+000
      3.383879     1.7024115E-003     0.0000000E+000
      3.406438     1.7000423E-003     0.0000000E+000
      3.429147     1.6944429E-003     0.0000000E+000
      3.452008     1.6842389E-003     0.0000000E+000
      3.475022     1.6788255E-003     0.0000000E+000
      3.498188     1.6738462E-003     0.0000000E+000
      3.521510     1.6665495E-003     0.0000000E+000
      3.544986     1.6580597E-003     0.0000000E+000
      3.568620     1.6466202E-003     0.0000000E+000
      3.592411     1.6440738E-003     0.0000000E+000
      3.616360     1.6341274E-003     0.0000000E+000
      3.640469     1.6231481E-003     0.0000000E+000
      3.664739     1.6204791E-003     0.0000000E+000
      3.689170     1.6157880E-003     0.0000000E+000
      3.713765     1.6001061E-003     0.0000000E+000
      3.738523     1.6032890E-003     0.0000000E+000
      3.763447     1.5997033E-003     0.0000000E+000
      3.788536     1.5825508E-003     0.0000000E+000
      3.813793     1.5875174E-003     0.0000000E+000
      3.839219     1.5893272E-003     0.0000000E+000
      3.864813     1.5712299E-003     0.0000000E+000
      3.890579     1.5776816E-003     0.0000000E+000
      3.916516     1.5719586E-003     0.0000000E+000
      3.942626     1.5762404E-003     0.0000000E+000
      3.968910     1.5774222E-003     0.0000000E+000
      3.995370     1.5850369E-003     0.0000000E+000
      4.022005     1.5917119E-003     0.0000000E+000
      4.048819     1.5999990E-003     0.0000000E+000
      4.075811     1.6242423E-003     0.0000000E+000
      4.102983     1.6285609E-003     0.0000000E+000
      4.130336     1.6433964E-003     0.0000000E+000
      4.157872     1.6594665E-003     0.0000000E+000
      4.185591     1.7077374E-003     0.0000000E+000
      4.213495     1.7637009E-003     0.0000000E+000
      4.241585     1.8138084E-003     0.0000000E+000
      4.269862     1.8477583E-003     0.0000000E+000
      4.298328     1.8690774E-003     0.0000000E+000
      4.326983     1.8765763E-003     0.0000000E+000
      4.355830     1.8726323E-003     0.0000000E+000
      4.384869     1.8664347E-003     0.0000000E+000
      4.414101     1.8520852E-003     0.0000000E+000
      4.443529     1.8433571E-003     0.0000000E+000
      4.473152     1.8162056E-003     0.0000000E+000
      4.502973     1.8001390E-003     0.0000000E+000
      4.532993     1.7760288E-003     0.0000000E+000
      4.563213     1.7522823E-003     0.0000000E+000
      4.593634     1.7289958E-003     0.0000000E+000
      4.624259     1.7292004E-003     0.0000000E+000
      4.655087     1.7361271E-003     0.0000000E+000
      4.686121     1.7297606E-003     0.0000000E+000
      4.717362     1.7439087E-003     0.0000000E+000
      4.748811     1.7178273E-003     0.0000000E+000
      4.780470     1.7447950E-003     0.0000000E+000
      4.812339     1.7280679E-003     0.0000000E+000
      4.844422     1.7281151E-003     0.0000000E+000
      4.876718     1.7298386E-003     0.0000000E+000
      4.909229     1.7325139E-003     0.0000000E+000
      4.941957     1.7480778E-003     0.0000000E+000
      4.974904     1.7399797E-003     0.0000000E+000
      5.008070     1.7610838E-003     0.0000000E+000
      5.041457     1.7402784E-003     0.0000000E+000
      5.075067     1.7510311E-003     0.0000000E+000
      5.108900     1.7547454E-003     0.0000000E+000
      5.142960     1.7780718E-003     0.0000000E+000
      5.177246     1.7569126E-003     0.0000000E+000
      5.211761     1.7791924E-003     0.0000000E+000
      5.246506     1.7616785E-003     0.0000000E+000
      5.281483     1.7889322E-003     0.0000000E+000
      5.316693     1.7593167E-003     0.0000000E+000
      5.352137     1.7870358E-003     0.0000000E+000
      5.387818     1.7775704E-003     0.0000000E+000
      5.423737     1.8094577E-003     0.0000000E+000
      5.459895     1.7827472E-003     0.0000000E+000
      5.496295     1.7795641E-003     0.0000000E+000
      5.532937     1.8055110E-003     0.0000000E+000
      5.569823     1.8090154E-003     0.0000000E+000
      5.606955     1.7934219E-003     0.0000000E+000
      5.644335     1.7789964E-003     0.0000000E+000
      5.681964     1.7989154E-003     0.0000000E+000
      5.719843     1.8116237E-003     0.0000000E+000
      5.757976     1.7841609E-003     0.0000000E+000
      5.796362     1.7919626E-003     0.0000000E+000
      5.835005     1.8028992E-003     0.0000000E+000
      5.873905     1.8016820E-003     0.0000000E+000
      5.913064     1.7880886E-003     0.0000000E+000
      5.952484     1.7962609E-003     0.0000000E+000
      5.992168     1.7631813E-003     0.0000000E+000
      6.032115     1.7886635E-003     0.0000000E+000
      6.072330     1.7526287E-003     0.0000000E+000
      6.112812     1.7517479E-003     0.0000000E+000
      6.153564     1.7573641E-003     0.0000000E+000
      6.194588     1.7340320E-003     0.0000000E+000
      6.235885     1.7372736E-003     0.0000000E+000
      6.277457     1.7299009E-003     0.0000000E+000
      6.319307     1.7257519E-003     0.0000000E+000
      6.361436     1.7346929E-003     0.0000000E+000
      6.403845     1.7605099E-003     0.0000000E+000
      6.446538     1.7563935E-003     0.0000000E+000
      6.489515     1.8174936E-003     0.0000000E+000
      6.532778     1.8096168E-003     0.0000000E+000
      6.576330     1.8425010E-003     0.0000000E+000
      6.620172     1.8635692E-003     0.0000000E+000
      6.664307     1.8337907E-003     0.0000000E+000
      6.708735     1.8233946E-003     0.0000000E+000
      6.753460     1.8123262E-003     0.0000000E+000
      6.798483     1.8274073E-003     0.0000000E+000
      6.843806     1.8378217E-003     0.0000000E+000
      6.889432     1.8122456E-003     0.0000000E+000
      6.935361     1.8016089E-003     0.0000000E+000
      6.981597     1.7835159E-003     0.0000000E+000
      7.028141     1.8098419E-003     0.0000000E+000
      7.074995     1.8081653E-003     0.0000000E+000
      7.122162     1.8018244E-003     0.0000000E+000
      7.169643     1.7751827E-003     0.0000000E+000
      7.217441     1.7897558E-003     0.0000000E+000
      7.265557     1.7830516E-003     0.0000000E+000
      7.313994     1.7874887E-003     0.0000000E+000
      7.362754     1.7864339E-003     0.0000000E+000
      7.411839     1.7707487E-003     0.0000000E+000
      7.461251     1.7773558E-003     0.0000000E+000
      7.510993     1.7726523E-003     0.0000000E+000
      7.561066     1.7693895E-003     0.0000000E+000
      7.611473     1.7963977E-003     0.0000000E+000
      7.662217     1.7693823E-003     0.0000000E+000
      7.713298     1.7724258E-003     0.0000000E+000
      7.764720     1.7761338E-003     0.0000000E+000
      7.816485     1.7567611E-003     0.0000000E+000
      7.868595     1.7982946E-003     0.0000000E+000
      7.921052     1.7641521E-003     0.0000000E+000
      7.973859     1.7750250E-003     0.0000000E+000
      8.027018     1.7665893E-003     0.0000000E+000
      8.080531     1.7595733E-003     0.0000000E+000
      8.134402     1.7500393E-003     0.0000000E+000
      8.188631     1.7686851E-003     0.0000000E+000
      8.243222     1.7497922E-003     0.0000000E+000
      8.298177     1.7464709E-003     0.0000000E+000
      8.353498     1.7696571E-003     0.0000000E+000
      8.409188     1.7220621E-003     0.0000000E+000
      8.465249     1.7279504E-003     0.0000000E+000
      8.521684     1.7343917E-003     0.0000000E+000
      8.578495     1.7222712E-003     0.0000000E+000
      8.635685     1.7024960E-003     0.0000000E+000
      8.693257     1.7138289E-003     0.0000000E+000
      8.751212     1.7104813E-003     0.0000000E+000
      8.809553     1.7158480E-003     0.0000000E+000
      8.868283     1.6890898E-003     0.0000000E+000
      8.927405     1.6968161E-003     0.0000000E+000
      8.986921     1.7023096E-003     0.0000000E+000
      9.046834     1.6964059E-003     0.0000000E+000
      9.107146     1.6922144E-003     0.0000000E+000
      9.167861     1.6851377E-003     0.0000000E+000
      9.228980     1.6947391E-003     0.0000000E+000
      9.290506     1.6885963E-003     0.0000000E+000
      9.352443     1.6706599E-003     0.0000000E+000
      9.414793     1.6926228E-003     0.0000000E+000
      9.477558     1.6787270E-003     0.0000000E+000
      9.540742     1.6534843E-003     0.0000000E+000
      9.604346     1.6770840E-003     0.0000000E+000
      9.668375     1.6682880E-003     0.0000000E+000
      9.732831     1.6622339E-003     0.0000000E+000
      9.797717     1.6605538E-003     0.0000000E+000
      9.863035     1.6713940E-003     0.0000000E+000
      9.928789     1.6565147E-003     0.0000000E+000
      9.994980     1.6534267E-003     0.0000000E+000
     10.061614     1.6581861E-003     0.0000000E+000
     10.128691     1.6320751E-003     0.0000000E+000
     10.196216     1.6321536E-003     0.0000000E+000
     10.264190     1.6491546E-003     0.0000000E+000
     10.332618     1.6529580E-003     0.0000000E+000
     10.401503     1.6714922E-003     0.0000000E+000
     10.470846     1.6542538E-003     0.0000000E+000
     10.540651     1.6460204E-003     0.0000000E+000
     10.610923     1.6623438E-003     0.0000000E+000
     10.681662     1.6359829E-003     0.0000000E+000
     10.752873     1.6520997E-003     0.0000000E+000
     10.824559     1.6334365E-003     0.0000000E+000
     10.896723     1.6558413E-003     0.0000000E+000
     10.969367     1.6849395E-003     0.0000000E+000
     11.042497     1.6776242E-003     0.0000000E+000
     11.116113     1.6445580E-003     0.0000000E+000
     11.190221     1.6657242E-003     0.0000000E+000
     11.264822     1.6538403E-003     0.0000000E+000
     11.339921     1.6704708E-003     0.0000000E+000
     11.415520     1.6437005E-003     0.0000000E+000
     11.491624     1.6457234E-003     0.0000000E+000
     11.568235     1.6674909E-003     0.0000000E+000
     11.645356     1.6700308E-003     0.0000000E+000
     11.722992     1.6963032E-003     0.0000000E+000
     11.801145     1.6718202E-003     0.0000000E+000
     11.879820     1.6735247E-003     0.0000000E+000
     11.959018     1.6665324E-003     0.0000000E+000
     12.038745     1.6752788E-003     0.0000000E+000
     12.119003     1.6832608E-003     0.0000000E+000
     12.199797     1.6547213E-003     0.0000000E+000
     12.281129     1.6940686E-003     0.0000000E+000
     12.363003     1.6873186E-003     0.0000000E+000
     12.445423     1.7027602E-003     0.0000000E+000
     12.528392     1.7122239E-003     0.0000000E+000
     12.611915     1.7182538E-003     0.0000000E+000
     12.695994     1.7016953E-003     0.0000000E+000
     12.780634     1.7124123E-003     0.0000000E+000
     12.865839     1.7115342E-003     0.0000000E+000
     12.951611     1.7081944E-003     0.0000000E+000
     13.037955     1.7277395E-003     0.0000000E+000
     13.124875     1.7062155E-003     0.0000000E+000
     13.212374     1.7427496E-003     0.0000000E+000
     13.300456     1.7455801E-003     0.0000000E+000
     13.389126     1.7165905E-003     0.0000000E+000
     13.478387     1.7726866E-003     0.0000000E+000
     13.568243     1.7501037E-003     0.0000000E+000
     13.658698     1.7486012E-003     0.0000000E+000
     13.749756     1.7448976E-003     0.0000000E+000
     13.841421     1.7676906E-003     0.0000000E+000
     13.933697     1.7534239E-003     0.0000000E+000
     14.026588     1.7667806E-003     0.0000000E+000
     14.120099     1.7759556E-003     0.0000000E+000
     14.214233     1.7692699E-003     0.0000000E+000
     14.308994     1.7745470E-003     0.0000000E+000
     14.404388     1.7753020E-003     0.0000000E+000
     14.500417     1.7960942E-003     0.0000000E+000
     14.597086     1.7833686E-003     0.0000000E+000
     14.694400     1.7917324E-003     0.0000000E+000
     14.792363     1.7829829E-003     0.0000000E+000
     14.890979     1.8513684E-003     0.0000000E+000
     14.990252     1.8043545E-003     0.0000000E+000
     15.090187     1.7788483E-003     0.0000000E+000
     15.190788     1.8053393E-003     0.0000000E+000
     15.292060     1.7932155E-003     0.0000000E+000
     15.394007     1.7871210E-003     0.0000000E+000
     15.496634     1.7670844E-003     0.0000000E+000
     15.599945     1.7954839E-003     0.0000000E+000
     15.703944     1.7681115E-003     0.0000000E+000
     15.808637     1.7694007E-003     0.0000000E+000
     15.914028     1.7416194E-003     0.0000000E+000
     16.020122     1.7763942E-003     0.0000000E+000
     16.126923     1.7608510E-003     0.0000000E+000
     16.234435     1.7950935E-003     0.0000000E+000
     16.342665     1.7594031E-003     0.0000000E+000
     16.451616     1.7659677E-003     0.0000000E+000
     16.561294     1.7626448E-003     0.0000000E+000
     16.671702     1.7666076E-003     0.0000000E+000
     16.782847     1.7569944E-003     0.0000000E+000
     16.894732     1.7542970E-003     0.0000000E+000
     17.007364     1.7256991E-003     0.0000000E+000
     17.120746     1.7476060E-003     0.0000000E+000
     17.234885     1.7703713E-003     0.0000000E+000
     17.349784     1.7710580E-003     0.0000000E+000
     17.465449     1.7482932E-003     0.0000000E+000
     17.581886     1.7724247E-003     0.0000000E+000
     17.699098     1.7555322E-003     0.0000000E+000
     17.817092     1.7346951E-003     0.0000000E+000
     17.935873     1.7487133E-003     0.0000000E+000
     18.055445     1.7455256E-003     0.0000000E+000
     18.175815     1.7518537E-003     0.0000000E+000
     18.296987     1.7316608E-003     0.0000000E+000
     18.418967     1.7491406E-003     0.0000000E+000
     18.541760     1.7741980E-003     0.0000000E+000
     18.665372     1.7678853E-003     0.0000000E+000
     18.789808     1.7364039E-003     0.0000000E+000
     18.915073     1.7377448E-003     0.0000000E+000
     19.041173     1.7230167E-003     0.0000000E+000
     19.168115     1.7339599E-003     0.0000000E+000
     19.295902     1.7646956E-003     0.0000000E+000
     19.424541     1.7739806E-003     0.0000000E+000
     19.554038     1.7344206E-003     0.0000000E+000
     19.684399     1.7364642E-003     0.0000000E+000
     19.815628     1.7564495E-003     0.0000000E+000
     19.947732     1.7524342E-003     0.0000000E+000
     20.080717     1.7222032E-003     0.0000000E+000
     20.214588     1.7568113E-003     0.0000000E+000
     20.349352     1.7683732E-003     0.0000000E+000
     20.485015     1.7560026E-003     0.0000000E+000
     20.621581     1.7359782E-003     0.0000000E+000
     20.759059     1.7447983E-003     0.0000000E+000
     20.897452     1.7344131E-003     0.0000000E+000
     21.036769     1.7693708E-003     0.0000000E+000
     21.177014     1.7803123E-003     0.0000000E+000
     21.318194     1.7623908E-003     0.0000000E+000
     21.460315     1.7149930E-003     0.0000000E+000
     21.603384     1.7774051E-003     0.0000000E+000
     21.747407     1.7520028E-003     0.0000000E+000
     21.892389     1.7687006E-003     0.0000000E+000
     22.038338     1.7535216E-003     0.0000000E+000
     22.185261     1.7635543E-003     0.0000000E+000
     22.333162     1.7661696E-003     0.0000000E+000
     22.482050     1.7468910E-003     0.0000000E+000
     22.631931     1.7788447E-003     0.0000000E+000
     22.782810     1.7209303E-003     0.0000000E+000
     22.934695     1.7829477E-003     0.0000000E+000
     23.087593     1.7319372E-003     0.0000000E+000
     23.241511     1.7277438E-003     0.0000000E+000
     23.396454     1.7305504E-003     0.0000000E+000
     23.552431     1.7903813E-003     0.0000000E+000
     23.709447     1.7567106E-003     0.0000000E+000
     23.867510     1.8047708E-003     0.0000000E+000
     24.026626     1.7394835E-003     0.0000000E+000
     24.186804     1.7267724E-003     0.0000000E+000
     24.348049     1.7455469E-003     0.0000000E+000
     24.510370     1.7611963E-003     0.0000000E+000
     24.673772     1.7527147E-003     0.0000000E+000
     24.838264     1.7238327E-003     0.0000000E+000
     25.003852     1.7920975E-003     0.0000000E+000
     25.170545     1.7673700E-003     0.0000000E+000
     25.338348     1.7729794E-003     0.0000000E+000
     25.507271     1.7602528E-003     0.0000000E+000
     25.677319     1.7570912E-003     0.0000000E+000
     25.848501     1.7263971E-003     0.0000000E+000
     26.020825     1.7709526E-003     0.0000000E+000
     26.194297     1.7348985E-003     0.0000000E+000
     26.368925     1.7194800E-003     0.0000000E+000
     26.544718     1.7920545E-003     0.0000000E+000
     26.721683     1.8138094E-003     0.0000000E+000
     26.899828     1.7219842E-003     0.0000000E+000
     27.079160     1.7610277E-003     0.0000000E+000
     27.259687     1.7769918E-003     0.0000000E+000
     27.441419     1.7092531E-003     0.0000000E+000
     27.624362     1.7236624E-003     0.0000000E+000
     27.808524     1.7431398E-003     0.0000000E+000
     27.993914     1.7867098E-003     0.0000000E+000
     28.180540     1.7803312E-003     0.0000000E+000
     28.368410     1.8091118E-003     0.0000000E+000
     28.557533     1.7892258E-003     0.0000000E+000
     28.747917     1.7326387E-003     0.0000000E+000
     28.939570     1.7276826E-003     0.0000000E+000
     29.132500     1.7505421E-003     0.0000000E+000
     29.326717     1.7520664E-003     0.0000000E+000
     29.522228     1.7801856E-003     0.0000000E+000
     29.719043     1.7348922E-003     0.0000000E+000
     29.917170     1.7558259E-003     0.0000000E+000
     30.116618     1.7816419E-003     0.0000000E+000
     30.317395     1.7164725E-003     0.0000000E+000
     30.519511     1.8039785E-003     0.0000000E+000
     30.722975     1.7713226E-003     0.0000000E+000
     30.927794     1.7659140E-003     0.0000000E+000
     31.133980     1.7916463E-003     0.0000000E+000
     31.341540     1.7145324E-003     0.0000000E+000
     31.550483     1.7260196E-003     0.0000000E+000
     31.760820     1.7486512E-003     0.0000000E+000
     31.972558     1.7651577E-003     0.0000000E+000
     32.185709     1.7419982E-003     0.0000000E+000
     32.400280     1.7545956E-003     0.0000000E+000
     32.616282     1.7204357E-003     0.0000000E+000
     32.833724     1.7857418E-003     0.0000000E+000
     33.052615     1.8343777E-003     0.0000000E+000
     33.272966     1.7703039E-003     0.0000000E+000
     33.494786     1.7668954E-003     0.0000000E+000
     33.718085     1.7354323E-003     0.0000000E+000
     33.942872     1.7279405E-003     0.0000000E+000
     34.169158     1.7415991E-003     0.0000000E+000
     34.396952     1.7952712E-003     0.0000000E+000
     34.626265     1.7911271E-003     0.0000000E+000
     34.857107     1.7720851E-003     0.0000000E+000
     35.089488     1.8056970E-003     0.0000000E+000
     35.323417     1.7833646E-003     0.0000000E+000
     35.558907     1.7795054E-003     0.0000000E+000
     35.795966     1.7920375E-003     0.0000000E+000
     36.034606     1.7795421E-003     0.0000000E+000
     36.274837     1.7914652E-003     0.0000000E+000
     36.516669     1.7292295E-003     0.0000000E+000
     36.760113     1.7957075E-003     0.0000000E+000
     37.005181     1.7570294E-003     0.0000000E+000
     37.251882     1.8078649E-003     0.0000000E+000
     37.500228     1.7928133E-003     0.0000000E+000
     37.750229     1.7841363E-003     0.0000000E+000
     38.001898     1.7737462E-003     0.0000000E+000
     38.255244     1.7627813E-003     0.0000000E+000
     38.510279     1.7261668E-003     0.0000000E+000
     38.767014     1.7430301E-003     0.0000000E+000
     39.025461     1.7574733E-003     0.0000000E+000
     39.285630     1.8012092E-003     0.0000000E+000
     39.547535     1.7344240E-003     0.0000000E+000
     39.811185     1.7561142E-003     0.0000000E+000
     40.076593     1.8198498E-003     0.0000000E+000
     40.343770     1.8226230E-003     0.0000000E+000
     40.612728     1.8330007E-003     0.0000000E+000
     40.883480     1.8137584E-003     0.0000000E+000
     41.156036     1.7598987E-003     0.0000000E+000
     41.430410     1.7735114E-003     0.0000000E+000
     41.706613     1.7412505E-003     0.0000000E+000
     41.984657     1.7447305E-003     0.0000000E+000
     42.264555     1.7520382E-003     0.0000000E+000
     42.546318     1.7780893E-003     0.0000000E+000
     42.829960     1.7646661E-003     0.0000000E+000
     43.115493     1.8483841E-003     0.0000000E+000
     43.402930     1.7788632E-003     0.0000000E+000
     43.692283     1.8037147E-003     0.0000000E+000
     43.983565     1.8192852E-003     0.0000000E+000
     44.276789     1.7640294E-003     0.0000000E+000
     44.571967     1.7709800E-003     0.0000000E+000
     44.869114     1.7937498E-003     0.0000000E+000
     45.168241     1.7855401E-003     0.0000000E+000
     45.469363     1.7734846E-003     0.0000000E+000
     45.772492     1.7516073E-003     0.0000000E+000
     46.077642     1.7998220E-003     0.0000000E+000
     46.384826     1.7756036E-003     0.0000000E+000
     46.694058     1.7737248E-003     0.0000000E+000
     47.005352     1.8049813E-003     0.0000000E+000
     47.318721     1.7949127E-003     0.0000000E+000
     47.634179     1.7653405E-003     0.0000000E+000
     47.951740     1.7918388E-003     0.0000000E+000
     48.271418     1.7369669E-003     0.0000000E+000
     48.593228     1.8278044E-003     0.0000000E+000
     48.917183     1.7669589E-003     0.0000000E+000
     49.243297     1.7931717E-003     0.0000000E+000
     49.571586     1.7635092E-003     0.0000000E+000
     49.902063     1.3970501E-003     0.0000000E+000
