
      0.100000     1.7328902E-003     0.0000000E+000
      0.100667     1.7862216E-003     0.0000000E+000
      0.101338     1.8379049E-003     0.0000000E+000
      0.102013     1.8876771E-003     0.0000000E+000
      0.102693     1.9352908E-003     0.0000000E+000
      0.103378     1.9805128E-003     0.0000000E+000
      0.104067     2.0231235E-003     0.0000000E+000
      0.104761     2.0629183E-003     0.0000000E+000
      0.105459     2.0997101E-003     0.0000000E+000
      0.106163     2.1333332E-003     0.0000000E+000
      0.106870     2.1636473E-003     0.0000000E+000
      0.107583     2.1905421E-003     0.0000000E+000
      0.108300     2.2139409E-003     0.0000000E+000
      0.109022     2.2338020E-003     0.0000000E+000
      0.109749     2.2501171E-003     0.0000000E+000
      0.110480     2.2629073E-003     0.0000000E+000
      0.111217     2.2722163E-003     0.0000000E+000
      0.111958     2.2781022E-003     0.0000000E+000
      0.112705     2.2806310E-003     0.0000000E+000
      0.113456     2.2798708E-003     0.0000000E+000
      0.114213     2.2758908E-003     0.0000000E+000
      0.114974     2.2687624E-003     0.0000000E+000
      0.115740     2.2585650E-003     0.0000000E+000
      0.116512     2.2453947E-003     0.0000000E+000
      0.117289     2.2293773E-003     0.0000000E+000
      0.118071     2.2106900E-003     0.0000000E+000
      0.118858     2.1896010E-003     0.0000000E+000
      0.119650     2.1665527E-003     0.0000000E+000
      0.120448     2.1423329E-003     0.0000000E+000
      0.121251     2.1183981E-003     0.0000000E+000
      0.122059     2.0973037E-003     0.0000000E+000
      0.122873     2.0827032E-003     0.0000000E+000
      0.123692     2.0777813E-003     0.0000000E+000
      0.124517     2.0826406E-003     0.0000000E+000
      0.125347     2.0941445E-003     0.0000000E+000
      0.126182     2.1084962E-003     0.0000000E+000
      0.127024     2.1230033E-003     0.0000000E+000
      0.127871     2.1361704E-003     0.0000000E+000
      0.128723     2.1472601E-003     0.0000000E+000
      0.129581     2.1559438E-003     0.0000000E+000
      0.130445     2.1621136E-003     0.0000000E+000
      0.131315     2.1657925E-003     0.0000000E+000
      0.132190     2.1670982E-003     0.0000000E+000
      0.133071     2.1662297E-003     0.0000000E+000
      0.133959     2.1634673E-003     0.0000000E+000
      0.134852     2.1591744E-003     0.0000000E+000
      0.135751     2.1537949E-003     0.0000000E+000
      0.136656     2.1478377E-003     0.0000000E+000
      0.137567     2.1418378E-003     0.0000000E+000
      0.138484     2.1362945E-003     0.0000000E+000
      0.139407     2.1315963E-003     0.0000000E+000
      0.140336     2.1279607E-003     0.0000000E+000
      0.141272     2.1254143E-003     0.0000000E+000
      0.142214     2.1238245E-003     0.0000000E+000
      0.143162     2.1229631E-003     0.0000000E+000
      0.144116     2.1225745E-003     0.0000000E+000
      0.145077     2.1224246E-003     0.0000000E+000
      0.146044     2.1223250E-003     0.0000000E+000
      0.147018     2.1221386E-003     0.0000000E+000
      0.147998     2.1217728E-003     0.0000000E+000
      0.148985     2.1211695E-003     0.0000000E+000
      0.149978     2.1202954E-003     0.0000000E+000
      0.150978     2.1191331E-003     0.0000000E+000
      0.151984     2.1176758E-003     0.0000000E+000
      0.152997     2.1159226E-003     0.0000000E+000
      0.154017     2.1138763E-003     0.0000000E+000
      0.155044     2.1115416E-003     0.0000000E+000
      0.156078     2.1089244E-003     0.0000000E+000
      0.157118     2.1060312E-003     0.0000000E+000
      0.158166     2.1028686E-003     0.0000000E+000
      0.159220     2.0994434E-003     0.0000000E+000
      0.160282     2.0957626E-003     0.0000000E+000
      0.161350     2.0918331E-003     0.0000000E+000
      0.162426     2.0876617E-003     0.0000000E+000
      0.163509     2.0832554E-003     0.0000000E+000
      0.164599     2.0786211E-003     0.0000000E+000
      0.165696     2.0737655E-003     0.0000000E+000
      0.166801     2.0686955E-003     0.0000000E+000
      0.167913     2.0634179E-003     0.0000000E+000
      0.169032     2.0579393E-003     0.0000000E+000
      0.170159     2.0522665E-003     0.0000000E+000
      0.171293     2.0464059E-003     0.0000000E+000
      0.172435     2.0403643E-003     0.0000000E+000
      0.173585     2.0341480E-003     0.0000000E+000
      0.174742     2.0277635E-003     0.0000000E+000
      0.175907     2.0212171E-003     0.0000000E+000
      0.177080     2.0145150E-003     0.0000000E+000
      0.178260     2.0076635E-003     0.0000000E+000
      0.179449     2.0006686E-003     0.0000000E+000
      0.180645     1.9935364E-003     0.0000000E+000
      0.181849     1.9862727E-003     0.0000000E+000
      0.183062     1.9788834E-003     0.0000000E+000
      0.184282     1.9713741E-003     0.0000000E+000
      0.185511     1.9637505E-003     0.0000000E+000
      0.186747     1.9560182E-003     0.0000000E+000
      0.187992     1.9481824E-003     0.0000000E+000
      0.189246     1.9402486E-003     0.0000000E+000
      0.190507     1.9322219E-003     0.0000000E+000
      0.191777     1.9241075E-003     0.0000000E+000
      0.193056     1.9159102E-003     0.0000000E+000
      0.194343     1.9076349E-003     0.0000000E+000
      0.195639     1.8992866E-003     0.0000000E+000
      0.196943     1.8908697E-003     0.0000000E+000
      0.198256     1.8823888E-003     0.0000000E+000
      0.199577     1.8738485E-003     0.0000000E+000
      0.200908     1.8652529E-003     0.0000000E+000
      0.202247     1.8566064E-003     0.0000000E+000
      0.203596     1.8479130E-003     0.0000000E+000
      0.204953     1.8391768E-003     0.0000000E+000
      0.206319     1.8304017E-003     0.0000000E+000
      0.207695     1.8215914E-003     0.0000000E+000
      0.209079     1.8127497E-003     0.0000000E+000
      0.210473     1.8038802E-003     0.0000000E+000
      0.211876     1.7949863E-003     0.0000000E+000
      0.213289     1.7860716E-003     0.0000000E+000
      0.214711     1.7771392E-003     0.0000000E+000
      0.216142     1.7681923E-003     0.0000000E+000
      0.217583     1.7592342E-003     0.0000000E+000
      0.219034     1.7502678E-003     0.0000000E+000
      0.220494     1.7412961E-003     0.0000000E+000
      0.221964     1.7323218E-003     0.0000000E+000
      0.223444     1.7233477E-003     0.0000000E+000
      0.224933     1.7143764E-003     0.0000000E+000
      0.226433     1.7054105E-003     0.0000000E+000
      0.227943     1.6964523E-003     0.0000000E+000
      0.229462     1.6875042E-003     0.0000000E+000
      0.230992     1.6785683E-003     0.0000000E+000
      0.232532     1.6696465E-003     0.0000000E+000
      0.234082     1.6607406E-003     0.0000000E+000
      0.235643     1.6518520E-003     0.0000000E+000
      0.237214     1.6429816E-003     0.0000000E+000
      0.238795     1.6341289E-003     0.0000000E+000
      0.240387     1.6252891E-003     0.0000000E+000
      0.241990     1.6164445E-003     0.0000000E+000
      0.243603     1.6075488E-003     0.0000000E+000
      0.245227     1.5985008E-003     0.0000000E+000
      0.246862     1.5891176E-003     0.0000000E+000
      0.248507     1.5791164E-003     0.0000000E+000
      0.250164     1.5681212E-003     0.0000000E+000
      0.251832     1.5557003E-003     0.0000000E+000
      0.253511     1.5414335E-003     0.0000000E+000
      0.255201     1.5249956E-003     0.0000000E+000
      0.256902     1.5062340E-003     0.0000000E+000
      0.258615     1.4852177E-003     0.0000000E+000
      0.260339     1.4622425E-003     0.0000000E+000
      0.262075     1.4377939E-003     0.0000000E+000
      0.263822     1.4124788E-003     0.0000000E+000
      0.265580     1.3869462E-003     0.0000000E+000
      0.267351     1.3618157E-003     0.0000000E+000
      0.269133     1.3376230E-003     0.0000000E+000
      0.270928     1.3147890E-003     0.0000000E+000
      0.272734     1.2936099E-003     0.0000000E+000
      0.274552     1.2742628E-003     0.0000000E+000
      0.276382     1.2568213E-003     0.0000000E+000
      0.278225     1.2412764E-003     0.0000000E+000
      0.280080     1.2275575E-003     0.0000000E+000
      0.281947     1.2155521E-003     0.0000000E+000
      0.283827     1.2051224E-003     0.0000000E+000
      0.285719     1.1961181E-003     0.0000000E+000
      0.287624     1.1883863E-003     0.0000000E+000
      0.289541     1.1817782E-003     0.0000000E+000
      0.291471     1.1761536E-003     0.0000000E+000
      0.293414     1.1713834E-003     0.0000000E+000
      0.295371     1.1673510E-003     0.0000000E+000
      0.297340     1.1639523E-003     0.0000000E+000
      0.299322     1.1610959E-003     0.0000000E+000
      0.301317     1.1876473E-003     0.0000000E+000
      0.303326     1.1933364E-003     0.0000000E+000
      0.305348     1.1957004E-003     0.0000000E+000
      0.307384     1.2097911E-003     0.0000000E+000
      0.309433     1.2115632E-003     0.0000000E+000
      0.311496     1.2110535E-003     0.0000000E+000
      0.313573     1.2328313E-003     0.0000000E+000
      0.315663     1.2314294E-003     0.0000000E+000
      0.317768     1.2204871E-003     0.0000000E+000
      0.319886     1.2078176E-003     0.0000000E+000
      0.322019     1.2089905E-003     0.0000000E+000
      0.324166     1.2005822E-003     0.0000000E+000
      0.326327     1.2180918E-003     0.0000000E+000
      0.328502     1.2176678E-003     0.0000000E+000
      0.330692     1.2389240E-003     0.0000000E+000
      0.332897     1.2448989E-003     0.0000000E+000
      0.335116     1.2677016E-003     0.0000000E+000
      0.337350     1.2724293E-003     0.0000000E+000
      0.339599     1.2549305E-003     0.0000000E+000
      0.341863     1.2470817E-003     0.0000000E+000
      0.344142     1.2372926E-003     0.0000000E+000
      0.346437     1.2310766E-003     0.0000000E+000
      0.348746     1.2394539E-003     0.0000000E+000
      0.351071     1.2244987E-003     0.0000000E+000
      0.353412     1.2379342E-003     0.0000000E+000
      0.355768     1.2486665E-003     0.0000000E+000
      0.358139     1.2633760E-003     0.0000000E+000
      0.360527     1.2838755E-003     0.0000000E+000
      0.362931     1.3211958E-003     0.0000000E+000
      0.365350     1.3177170E-003     0.0000000E+000
      0.367786     1.3009965E-003     0.0000000E+000
      0.370238     1.2796418E-003     0.0000000E+000
      0.372706     1.2715067E-003     0.0000000E+000
      0.375191     1.2677892E-003     0.0000000E+000
      0.377692     1.2847316E-003     0.0000000E+000
      0.380210     1.2802336E-003     0.0000000E+000
      0.382745     1.2804205E-003     0.0000000E+000
      0.385296     1.2684070E-003     0.0000000E+000
      0.387865     1.2585074E-003     0.0000000E+000
      0.390451     1.2665449E-003     0.0000000E+000
      0.393054     1.2949947E-003     0.0000000E+000
      0.395674     1.3355535E-003     0.0000000E+000
      0.398312     1.3625750E-003     0.0000000E+000
      0.400967     1.3609156E-003     0.0000000E+000
      0.403640     1.3455470E-003     0.0000000E+000
      0.406331     1.3235057E-003     0.0000000E+000
      0.409040     1.2984364E-003     0.0000000E+000
      0.411767     1.2866790E-003     0.0000000E+000
      0.414512     1.3083596E-003     0.0000000E+000
      0.417276     1.3438528E-003     0.0000000E+000
      0.420057     1.3406968E-003     0.0000000E+000
      0.422858     1.3342421E-003     0.0000000E+000
      0.425677     1.3328422E-003     0.0000000E+000
      0.428515     1.3162416E-003     0.0000000E+000
      0.431371     1.3033566E-003     0.0000000E+000
      0.434247     1.2954049E-003     0.0000000E+000
      0.437142     1.3239037E-003     0.0000000E+000
      0.440057     1.3779578E-003     0.0000000E+000
      0.442990     1.4187571E-003     0.0000000E+000
      0.445944     1.4182609E-003     0.0000000E+000
      0.448916     1.4035442E-003     0.0000000E+000
      0.451909     1.3863964E-003     0.0000000E+000
      0.454922     1.3675280E-003     0.0000000E+000
      0.457955     1.3448724E-003     0.0000000E+000
      0.461008     1.3290035E-003     0.0000000E+000
      0.464081     1.3407377E-003     0.0000000E+000
      0.467175     1.3767897E-003     0.0000000E+000
      0.470290     1.4061518E-003     0.0000000E+000
      0.473425     1.4025156E-003     0.0000000E+000
      0.476581     1.3979210E-003     0.0000000E+000
      0.479758     1.3822027E-003     0.0000000E+000
      0.482957     1.3728194E-003     0.0000000E+000
      0.486176     1.4006926E-003     0.0000000E+000
      0.489417     1.3820178E-003     0.0000000E+000
      0.492680     1.3862254E-003     0.0000000E+000
      0.495965     1.3862186E-003     0.0000000E+000
      0.499271     1.4235918E-003     0.0000000E+000
      0.502600     1.4777893E-003     0.0000000E+000
      0.505950     1.4836476E-003     0.0000000E+000
      0.509323     1.4778425E-003     0.0000000E+000
      0.512719     1.4670310E-003     0.0000000E+000
      0.516137     1.4446456E-003     0.0000000E+000
      0.519578     1.4172480E-003     0.0000000E+000
      0.523042     1.4063996E-003     0.0000000E+000
      0.526529     1.4038082E-003     0.0000000E+000
      0.530039     1.4085166E-003     0.0000000E+000
      0.533572     1.4091961E-003     0.0000000E+000
      0.537130     1.4292112E-003     0.0000000E+000
      0.540711     1.4698572E-003     0.0000000E+000
      0.544315     1.4724000E-003     0.0000000E+000
      0.547944     1.4685052E-003     0.0000000E+000
      0.551597     1.4597674E-003     0.0000000E+000
      0.555274     1.4448162E-003     0.0000000E+000
      0.558976     1.4282771E-003     0.0000000E+000
      0.562703     1.4219579E-003     0.0000000E+000
      0.566454     1.4393744E-003     0.0000000E+000
      0.570230     1.4829540E-003     0.0000000E+000
      0.574032     1.4771225E-003     0.0000000E+000
      0.577859     1.4795849E-003     0.0000000E+000
      0.581711     1.4958627E-003     0.0000000E+000
      0.585589     1.5117437E-003     0.0000000E+000
      0.589493     1.5825500E-003     0.0000000E+000
      0.593423     1.5606303E-003     0.0000000E+000
      0.597379     1.5554097E-003     0.0000000E+000
      0.601362     1.5476409E-003     0.0000000E+000
      0.605371     1.5249792E-003     0.0000000E+000
      0.609407     1.5004082E-003     0.0000000E+000
      0.613469     1.4746401E-003     0.0000000E+000
      0.617559     1.4644614E-003     0.0000000E+000
      0.621676     1.4604859E-003     0.0000000E+000
      0.625821     1.4864478E-003     0.0000000E+000
      0.629993     1.4774446E-003     0.0000000E+000
      0.634193     1.4881159E-003     0.0000000E+000
      0.638421     1.5005340E-003     0.0000000E+000
      0.642677     1.5159218E-003     0.0000000E+000
      0.646961     1.5649303E-003     0.0000000E+000
      0.651275     1.5501123E-003     0.0000000E+000
      0.655616     1.5437447E-003     0.0000000E+000
      0.659987     1.5344657E-003     0.0000000E+000
      0.664387     1.5237795E-003     0.0000000E+000
      0.668816     1.5057677E-003     0.0000000E+000
      0.673275     1.4911895E-003     0.0000000E+000
      0.677764     1.4863551E-003     0.0000000E+000
      0.682282     1.4857793E-003     0.0000000E+000
      0.686831     1.4807547E-003     0.0000000E+000
      0.691409     1.5570370E-003     0.0000000E+000
      0.696019     1.5657003E-003     0.0000000E+000
      0.700659     1.5711962E-003     0.0000000E+000
      0.705330     1.5803874E-003     0.0000000E+000
      0.710032     1.5952569E-003     0.0000000E+000
      0.714766     1.6362882E-003     0.0000000E+000
      0.719531     1.6731729E-003     0.0000000E+000
      0.724328     1.6580596E-003     0.0000000E+000
      0.729157     1.6496716E-003     0.0000000E+000
      0.734018     1.6386283E-003     0.0000000E+000
      0.738911     1.6316772E-003     0.0000000E+000
      0.743837     1.6142687E-003     0.0000000E+000
      0.748796     1.6001419E-003     0.0000000E+000
      0.753788     1.5840816E-003     0.0000000E+000
      0.758813     1.5632579E-003     0.0000000E+000
      0.763872     1.5394456E-003     0.0000000E+000
      0.768964     1.5241003E-003     0.0000000E+000
      0.774091     1.5127023E-003     0.0000000E+000
      0.779252     1.5293934E-003     0.0000000E+000
      0.784447     1.5477952E-003     0.0000000E+000
      0.789676     1.5501199E-003     0.0000000E+000
      0.794941     1.5593439E-003     0.0000000E+000
      0.800240     1.5894117E-003     0.0000000E+000
      0.805575     1.6066594E-003     0.0000000E+000
      0.810946     1.6672724E-003     0.0000000E+000
      0.816352     1.6641384E-003     0.0000000E+000
      0.821794     1.6609844E-003     0.0000000E+000
      0.827273     1.6496231E-003     0.0000000E+000
      0.832788     1.6515318E-003     0.0000000E+000
      0.838340     1.6423446E-003     0.0000000E+000
      0.843929     1.6319348E-003     0.0000000E+000
      0.849555     1.6181956E-003     0.0000000E+000
      0.855219     1.6005868E-003     0.0000000E+000
      0.860920     1.5838615E-003     0.0000000E+000
      0.866660     1.5715548E-003     0.0000000E+000
      0.872438     1.5658901E-003     0.0000000E+000
      0.878254     1.5547514E-003     0.0000000E+000
      0.884109     1.5503295E-003     0.0000000E+000
      0.890003     1.6059643E-003     0.0000000E+000
      0.895936     1.6474185E-003     0.0000000E+000
      0.901909     1.6478023E-003     0.0000000E+000
      0.907922     1.6427015E-003     0.0000000E+000
      0.913975     1.6814261E-003     0.0000000E+000
      0.920068     1.6885479E-003     0.0000000E+000
      0.926202     1.7453883E-003     0.0000000E+000
      0.932376     1.7958061E-003     0.0000000E+000
      0.938592     1.7956497E-003     0.0000000E+000
      0.944849     1.7759393E-003     0.0000000E+000
      0.951148     1.7750487E-003     0.0000000E+000
      0.957489     1.7846219E-003     0.0000000E+000
      0.963873     1.7703385E-003     0.0000000E+000
      0.970299     1.7599880E-003     0.0000000E+000
      0.976767     1.7567331E-003     0.0000000E+000
      0.983279     1.7478564E-003     0.0000000E+000
      0.989834     1.7288577E-003     0.0000000E+000
      0.996433     1.7154273E-003     0.0000000E+000
      1.003076     1.6972486E-003     0.0000000E+000
      1.009763     1.6721811E-003     0.0000000E+000
      1.016495     1.6502329E-003     0.0000000E+000
      1.023272     1.6304818E-003     0.0000000E+000
      1.030093     1.6142088E-003     0.0000000E+000
      1.036961     1.5952643E-003     0.0000000E+000
      1.043874     1.5933875E-003     0.0000000E+000
      1.050833     1.5912807E-003     0.0000000E+000
      1.057838     1.5840345E-003     0.0000000E+000
      1.064891     1.5896977E-003     0.0000000E+000
      1.071990     1.5934218E-003     0.0000000E+000
      1.079137     1.6083878E-003     0.0000000E+000
      1.086331     1.6396524E-003     0.0000000E+000
      1.093573     1.7238383E-003     0.0000000E+000
      1.100863     1.7521523E-003     0.0000000E+000
      1.108203     1.7641081E-003     0.0000000E+000
      1.115591     1.7908750E-003     0.0000000E+000
      1.123028     1.7934515E-003     0.0000000E+000
      1.130515     1.7990999E-003     0.0000000E+000
      1.138051     1.7989587E-003     0.0000000E+000
      1.145638     1.7952020E-003     0.0000000E+000
      1.153276     1.7921467E-003     0.0000000E+000
      1.160965     1.7884357E-003     0.0000000E+000
      1.168704     1.7874125E-003     0.0000000E+000
      1.176496     1.7827673E-003     0.0000000E+000
      1.184339     1.7677187E-003     0.0000000E+000
      1.192235     1.7471761E-003     0.0000000E+000
      1.200183     1.7279346E-003     0.0000000E+000
      1.208184     1.7165083E-003     0.0000000E+000
      1.216239     1.6989448E-003     0.0000000E+000
      1.224347     1.6906302E-003     0.0000000E+000
      1.232509     1.6748244E-003     0.0000000E+000
      1.240726     1.6629117E-003     0.0000000E+000
      1.248997     1.6480591E-003     0.0000000E+000
      1.257324     1.6414156E-003     0.0000000E+000
      1.265706     1.6451570E-003     0.0000000E+000
      1.274144     1.6509913E-003     0.0000000E+000
      1.282639     1.6612946E-003     0.0000000E+000
      1.291189     1.6739224E-003     0.0000000E+000
      1.299797     1.6835272E-003     0.0000000E+000
      1.308463     1.6929538E-003     0.0000000E+000
      1.317186     1.7165049E-003     0.0000000E+000
      1.325967     1.7441407E-003     0.0000000E+000
      1.334807     1.8481344E-003     0.0000000E+000
      1.343706     1.8795557E-003     0.0000000E+000
      1.352664     1.9073540E-003     0.0000000E+000
      1.361681     1.9247694E-003     0.0000000E+000
      1.370759     1.9295526E-003     0.0000000E+000
      1.379898     1.9211059E-003     0.0000000E+000
      1.389097     1.9124293E-003     0.0000000E+000
      1.398358     1.9207788E-003     0.0000000E+000
      1.407680     1.9348413E-003     0.0000000E+000
      1.417064     1.9437946E-003     0.0000000E+000
      1.426512     1.9452014E-003     0.0000000E+000
      1.436022     1.9439699E-003     0.0000000E+000
      1.445595     1.9282346E-003     0.0000000E+000
      1.455232     1.8957309E-003     0.0000000E+000
      1.464934     1.9014623E-003     0.0000000E+000
      1.474700     1.8855534E-003     0.0000000E+000
      1.484532     1.8801372E-003     0.0000000E+000
      1.494428     1.8659545E-003     0.0000000E+000
      1.504391     1.8569431E-003     0.0000000E+000
      1.514421     1.8343414E-003     0.0000000E+000
      1.524517     1.8197767E-003     0.0000000E+000
      1.534680     1.8033168E-003     0.0000000E+000
      1.544911     1.7820492E-003     0.0000000E+000
      1.555211     1.7630846E-003     0.0000000E+000
      1.565579     1.7398554E-003     0.0000000E+000
      1.576016     1.7221080E-003     0.0000000E+000
      1.586523     1.7041054E-003     0.0000000E+000
      1.597100     1.6871496E-003     0.0000000E+000
      1.607747     1.6735430E-003     0.0000000E+000
      1.618465     1.6622278E-003     0.0000000E+000
      1.629255     1.6567868E-003     0.0000000E+000
      1.640117     1.6527838E-003     0.0000000E+000
      1.651051     1.6559646E-003     0.0000000E+000
      1.662058     1.6650224E-003     0.0000000E+000
      1.673138     1.6554356E-003     0.0000000E+000
      1.684292     1.6449207E-003     0.0000000E+000
      1.695521     1.6631116E-003     0.0000000E+000
      1.706825     1.6773995E-003     0.0000000E+000
      1.718203     1.7224544E-003     0.0000000E+000
      1.729658     1.7472337E-003     0.0000000E+000
      1.741189     1.7586197E-003     0.0000000E+000
      1.752797     1.7715398E-003     0.0000000E+000
      1.764482     1.7922150E-003     0.0000000E+000
      1.776246     1.8185614E-003     0.0000000E+000
      1.788087     1.8362812E-003     0.0000000E+000
      1.800008     1.8485259E-003     0.0000000E+000
      1.812008     1.8604293E-003     0.0000000E+000
      1.824088     1.8709698E-003     0.0000000E+000
      1.836248     1.8774545E-003     0.0000000E+000
      1.848490     1.8977924E-003     0.0000000E+000
      1.860813     1.9197052E-003     0.0000000E+000
      1.873219     1.9010357E-003     0.0000000E+000
      1.885707     1.8768083E-003     0.0000000E+000
      1.898278     1.8682604E-003     0.0000000E+000
      1.910934     1.8553655E-003     0.0000000E+000
      1.923673     1.8559555E-003     0.0000000E+000
      1.936498     1.8803578E-003     0.0000000E+000
      1.949408     1.8844719E-003     0.0000000E+000
      1.962404     1.8798432E-003     0.0000000E+000
      1.975486     1.8790396E-003     0.0000000E+000
      1.988656     1.8740511E-003     0.0000000E+000
      2.001914     1.8671162E-003     0.0000000E+000
      2.015260     1.8553848E-003     0.0000000E+000
      2.028695     1.8375048E-003     0.0000000E+000
      2.042220     1.8112551E-003     0.0000000E+000
      2.055834     1.7936204E-003     0.0000000E+000
      2.069540     1.7738770E-003     0.0000000E+000
      2.083337     1.7509011E-003     0.0000000E+000
      2.097226     1.7384810E-003     0.0000000E+000
      2.111207     1.7181123E-003     0.0000000E+000
      2.125282     1.7040021E-003     0.0000000E+000
      2.139451     1.6849699E-003     0.0000000E+000
      2.153714     1.6851762E-003     0.0000000E+000
      2.168072     1.6752919E-003     0.0000000E+000
      2.182526     1.6779855E-003     0.0000000E+000
      2.197076     1.6827827E-003     0.0000000E+000
      2.211723     1.6832789E-003     0.0000000E+000
      2.226468     1.6892886E-003     0.0000000E+000
      2.241311     1.6909829E-003     0.0000000E+000
      2.256253     1.6879013E-003     0.0000000E+000
      2.271295     1.6931512E-003     0.0000000E+000
      2.286437     1.6967250E-003     0.0000000E+000
      2.301679     1.6899297E-003     0.0000000E+000
      2.317024     1.7061047E-003     0.0000000E+000
      2.332471     1.7028850E-003     0.0000000E+000
      2.348021     1.7300575E-003     0.0000000E+000
      2.363674     1.7406412E-003     0.0000000E+000
      2.379432     1.7571382E-003     0.0000000E+000
      2.395295     1.7470654E-003     0.0000000E+000
      2.411263     1.7853196E-003     0.0000000E+000
      2.427339     1.8025916E-003     0.0000000E+000
      2.443521     1.8282047E-003     0.0000000E+000
      2.459811     1.8452963E-003     0.0000000E+000
      2.476210     1.8714842E-003     0.0000000E+000
      2.492718     1.8838366E-003     0.0000000E+000
      2.509336     1.9254889E-003     0.0000000E+000
      2.526065     1.9233196E-003     0.0000000E+000
      2.542905     1.9444439E-003     0.0000000E+000
      2.559858     1.9572525E-003     0.0000000E+000
      2.576924     1.9443534E-003     0.0000000E+000
      2.594103     1.9458029E-003     0.0000000E+000
      2.611397     1.9340494E-003     0.0000000E+000
      2.628806     1.9447211E-003     0.0000000E+000
      2.646332     1.9429921E-003     0.0000000E+000
      2.663974     1.9698431E-003     0.0000000E+000
      2.681734     1.9880438E-003     0.0000000E+000
      2.699612     2.0095160E-003     0.0000000E+000
      2.717610     2.0050149E-003     0.0000000E+000
      2.735727     1.9841945E-003     0.0000000E+000
      2.753965     1.9697302E-003     0.0000000E+000
      2.772325     1.9943677E-003     0.0000000E+000
      2.790807     1.9819104E-003     0.0000000E+000
      2.809412     2.0024926E-003     0.0000000E+000
      2.828142     1.9940645E-003     0.0000000E+000
      2.846996     2.0008255E-003     0.0000000E+000
      2.865976     1.9727792E-003     0.0000000E+000
      2.885083     1.9772386E-003     0.0000000E+000
      2.904316     1.9937991E-003     0.0000000E+000
      2.923679     1.9767341E-003     0.0000000E+000
      2.943170     1.9656416E-003     0.0000000E+000
      2.962791     1.9723496E-003     0.0000000E+000
      2.982543     1.9493308E-003     0.0000000E+000
      3.002426     1.9535283E-003     0.0000000E+000
      3.022443     1.9281343E-003     0.0000000E+000
      3.042592     1.9383275E-003     0.0000000E+000
      3.062876     1.9114111E-003     0.0000000E+000
      3.083295     1.8926084E-003     0.0000000E+000
      3.103851     1.8949838E-003     0.0000000E+000
      3.124543     1.8756503E-003     0.0000000E+000
      3.145373     1.8769846E-003     0.0000000E+000
      3.166342     1.8597456E-003     0.0000000E+000
      3.187451     1.8498281E-003     0.0000000E+000
      3.208701     1.8559701E-003     0.0000000E+000
      3.230092     1.8365226E-003     0.0000000E+000
      3.251626     1.8155409E-003     0.0000000E+000
      3.273304     1.8168728E-003     0.0000000E+000
      3.295126     1.8190942E-003     0.0000000E+000
      3.317093     1.8128413E-003     0.0000000E+000
      3.339207     1.8001275E-003     0.0000000E+000
      3.361469     1.7994750E-003     0.0000000E+000
      3.383879     1.8024684E-003     0.0000000E+000
      3.406438     1.7997268E-003     0.0000000E+000
      3.429147     1.7928898E-003     0.0000000E+000
      3.452008     1.7809095E-003     0.0000000E+000
      3.475022     1.7743769E-003     0.0000000E+000
      3.498188     1.7685401E-003     0.0000000E+000
      3.521510     1.7596330E-003     0.0000000E+000
      3.544986     1.7495730E-003     0.0000000E+000
      3.568620     1.7358618E-003     0.0000000E+000
      3.592411     1.7326873E-003     0.0000000E+000
      3.616360     1.7210033E-003     0.0000000E+000
      3.640469     1.7079091E-003     0.0000000E+000
      3.664739     1.7047342E-003     0.0000000E+000
      3.689170     1.6990861E-003     0.0000000E+000
      3.713765     1.6807577E-003     0.0000000E+000
      3.738523     1.6845596E-003     0.0000000E+000
      3.763447     1.6801636E-003     0.0000000E+000
      3.788536     1.6604589E-003     0.0000000E+000
      3.813793     1.6661269E-003     0.0000000E+000
      3.839219     1.6678618E-003     0.0000000E+000
      3.864813     1.6470568E-003     0.0000000E+000
      3.890579     1.6544204E-003     0.0000000E+000
      3.916516     1.6476219E-003     0.0000000E+000
      3.942626     1.6525245E-003     0.0000000E+000
      3.968910     1.6539767E-003     0.0000000E+000
      3.995370     1.6626215E-003     0.0000000E+000
      4.022005     1.6704246E-003     0.0000000E+000
      4.048819     1.6802018E-003     0.0000000E+000
      4.075811     1.7085718E-003     0.0000000E+000
      4.102983     1.7139334E-003     0.0000000E+000
      4.130336     1.7317496E-003     0.0000000E+000
      4.157872     1.7510029E-003     0.0000000E+000
      4.185591     1.8098179E-003     0.0000000E+000
      4.213495     1.8773851E-003     0.0000000E+000
      4.241585     1.9376545E-003     0.0000000E+000
      4.269862     1.9783089E-003     0.0000000E+000
      4.298328     2.0037679E-003     0.0000000E+000
      4.326983     2.0125778E-003     0.0000000E+000
      4.355830     2.0076954E-003     0.0000000E+000
      4.384869     2.0000888E-003     0.0000000E+000
      4.414101     1.9825951E-003     0.0000000E+000
      4.443529     1.9719523E-003     0.0000000E+000
      4.473152     1.9392928E-003     0.0000000E+000
      4.502973     1.9197949E-003     0.0000000E+000
      4.532993     1.8909361E-003     0.0000000E+000
      4.563213     1.8626272E-003     0.0000000E+000
      4.593634     1.8351607E-003     0.0000000E+000
      4.624259     1.8359869E-003     0.0000000E+000
      4.655087     1.8444322E-003     0.0000000E+000
      4.686121     1.8371449E-003     0.0000000E+000
      4.717362     1.8539949E-003     0.0000000E+000
      4.748811     1.8223612E-003     0.0000000E+000
      4.780470     1.8543114E-003     0.0000000E+000
      4.812339     1.8346022E-003     0.0000000E+000
      4.844422     1.8350511E-003     0.0000000E+000
      4.876718     1.8369675E-003     0.0000000E+000
      4.909229     1.8401212E-003     0.0000000E+000
      4.941957     1.8585692E-003     0.0000000E+000
      4.974904     1.8487706E-003     0.0000000E+000
      5.008070     1.8741123E-003     0.0000000E+000
      5.041457     1.8488714E-003     0.0000000E+000
      5.075067     1.8617496E-003     0.0000000E+000
      5.108900     1.8660659E-003     0.0000000E+000
      5.142960     1.8945743E-003     0.0000000E+000
      5.177246     1.8685156E-003     0.0000000E+000
      5.211761     1.8956233E-003     0.0000000E+000
      5.246506     1.8742130E-003     0.0000000E+000
      5.281483     1.9073280E-003     0.0000000E+000
      5.316693     1.8711491E-003     0.0000000E+000
      5.352137     1.9047262E-003     0.0000000E+000
      5.387818     1.8934023E-003     0.0000000E+000
      5.423737     1.9323772E-003     0.0000000E+000
      5.459895     1.8996904E-003     0.0000000E+000
      5.496295     1.8958145E-003     0.0000000E+000
      5.532937     1.9271239E-003     0.0000000E+000
      5.569823     1.9317963E-003     0.0000000E+000
      5.606955     1.9125685E-003     0.0000000E+000
      5.644335     1.8953709E-003     0.0000000E+000
      5.681964     1.9190443E-003     0.0000000E+000
      5.719843     1.9351774E-003     0.0000000E+000
      5.757976     1.9017436E-003     0.0000000E+000
      5.796362     1.9105788E-003     0.0000000E+000
      5.835005     1.9243540E-003     0.0000000E+000
      5.873905     1.9232142E-003     0.0000000E+000
      5.913064     1.9059566E-003     0.0000000E+000
      5.952484     1.9164930E-003     0.0000000E+000
      5.992168     1.8761628E-003     0.0000000E+000
      6.032115     1.9072545E-003     0.0000000E+000
      6.072330     1.8635843E-003     0.0000000E+000
      6.112812     1.8624372E-003     0.0000000E+000
      6.153564     1.8692705E-003     0.0000000E+000
      6.194588     1.8410038E-003     0.0000000E+000
      6.235885     1.8449313E-003     0.0000000E+000
      6.277457     1.8358502E-003     0.0000000E+000
      6.319307     1.8308154E-003     0.0000000E+000
      6.361436     1.8419435E-003     0.0000000E+000
      6.403845     1.8737655E-003     0.0000000E+000
      6.446538     1.8684717E-003     0.0000000E+000
      6.489515     1.9425211E-003     0.0000000E+000
      6.532778     1.9327100E-003     0.0000000E+000
      6.576330     1.9732237E-003     0.0000000E+000
      6.620172     1.9990927E-003     0.0000000E+000
      6.664307     1.9617104E-003     0.0000000E+000
      6.708735     1.9491694E-003     0.0000000E+000
      6.753460     1.9354081E-003     0.0000000E+000
      6.798483     1.9544910E-003     0.0000000E+000
      6.843806     1.9675507E-003     0.0000000E+000
      6.889432     1.9354436E-003     0.0000000E+000
      6.935361     1.9229532E-003     0.0000000E+000
      6.981597     1.9009863E-003     0.0000000E+000
      7.028141     1.9330146E-003     0.0000000E+000
      7.074995     1.9308033E-003     0.0000000E+000
      7.122162     1.9228334E-003     0.0000000E+000
      7.169643     1.8912505E-003     0.0000000E+000
      7.217441     1.9086886E-003     0.0000000E+000
      7.265557     1.9009525E-003     0.0000000E+000
      7.313994     1.9056194E-003     0.0000000E+000
      7.362754     1.9048164E-003     0.0000000E+000
      7.411839     1.8855833E-003     0.0000000E+000
      7.461251     1.8943376E-003     0.0000000E+000
      7.510993     1.8877198E-003     0.0000000E+000
      7.561066     1.8845081E-003     0.0000000E+000
      7.611473     1.9166778E-003     0.0000000E+000
      7.662217     1.8835564E-003     0.0000000E+000
      7.713298     1.8879910E-003     0.0000000E+000
      7.764720     1.8923596E-003     0.0000000E+000
      7.816485     1.8685177E-003     0.0000000E+000
      7.868595     1.9193833E-003     0.0000000E+000
      7.921052     1.8774117E-003     0.0000000E+000
      7.973859     1.8904541E-003     0.0000000E+000
      8.027018     1.8807888E-003     0.0000000E+000
      8.080531     1.8715445E-003     0.0000000E+000
      8.134402     1.8605665E-003     0.0000000E+000
      8.188631     1.8829048E-003     0.0000000E+000
      8.243222     1.8598552E-003     0.0000000E+000
      8.298177     1.8557566E-003     0.0000000E+000
      8.353498     1.8838065E-003     0.0000000E+000
      8.409188     1.8264182E-003     0.0000000E+000
      8.465249     1.8334802E-003     0.0000000E+000
      8.521684     1.8413855E-003     0.0000000E+000
      8.578495     1.8262985E-003     0.0000000E+000
      8.635685     1.8028155E-003     0.0000000E+000
      8.693257     1.8165256E-003     0.0000000E+000
      8.751212     1.8123468E-003     0.0000000E+000
      8.809553     1.8189712E-003     0.0000000E+000
      8.868283     1.7866625E-003     0.0000000E+000
      8.927405     1.7960098E-003     0.0000000E+000
      8.986921     1.8025871E-003     0.0000000E+000
      9.046834     1.7958543E-003     0.0000000E+000
      9.107146     1.7901974E-003     0.0000000E+000
      9.167861     1.7819249E-003     0.0000000E+000
      9.228980     1.7930235E-003     0.0000000E+000
      9.290506     1.7860048E-003     0.0000000E+000
      9.352443     1.7647020E-003     0.0000000E+000
      9.414793     1.7910600E-003     0.0000000E+000
      9.477558     1.7747026E-003     0.0000000E+000
      9.540742     1.7442937E-003     0.0000000E+000
      9.604346     1.7725654E-003     0.0000000E+000
      9.668375     1.7620166E-003     0.0000000E+000
      9.732831     1.7544174E-003     0.0000000E+000
      9.797717     1.7526509E-003     0.0000000E+000
      9.863035     1.7664666E-003     0.0000000E+000
      9.928789     1.7481763E-003     0.0000000E+000
      9.994980     1.7444820E-003     0.0000000E+000
     10.061614     1.7502209E-003     0.0000000E+000
     10.128691     1.7188337E-003     0.0000000E+000
     10.196216     1.7189076E-003     0.0000000E+000
     10.264190     1.7393889E-003     0.0000000E+000
     10.332618     1.7444348E-003     0.0000000E+000
     10.401503     1.7670823E-003     0.0000000E+000
     10.470846     1.7458058E-003     0.0000000E+000
     10.540651     1.7357487E-003     0.0000000E+000
     10.610923     1.7553015E-003     0.0000000E+000
     10.681662     1.7236673E-003     0.0000000E+000
     10.752873     1.7430475E-003     0.0000000E+000
     10.824559     1.7207538E-003     0.0000000E+000
     10.896723     1.7475430E-003     0.0000000E+000
     10.969367     1.7828634E-003     0.0000000E+000
     11.042497     1.7739180E-003     0.0000000E+000
     11.116113     1.7337880E-003     0.0000000E+000
     11.190221     1.7589800E-003     0.0000000E+000
     11.264822     1.7451412E-003     0.0000000E+000
     11.339921     1.7648073E-003     0.0000000E+000
     11.415520     1.7327433E-003     0.0000000E+000
     11.491624     1.7352251E-003     0.0000000E+000
     11.568235     1.7615444E-003     0.0000000E+000
     11.645356     1.7647414E-003     0.0000000E+000
     11.722992     1.7968362E-003     0.0000000E+000
     11.801145     1.7663428E-003     0.0000000E+000
     11.879820     1.7686993E-003     0.0000000E+000
     11.959018     1.7599093E-003     0.0000000E+000
     12.038745     1.7705983E-003     0.0000000E+000
     12.119003     1.7800732E-003     0.0000000E+000
     12.199797     1.7458486E-003     0.0000000E+000
     12.281129     1.7933182E-003     0.0000000E+000
     12.363003     1.7851868E-003     0.0000000E+000
     12.445423     1.8037848E-003     0.0000000E+000
     12.528392     1.8149872E-003     0.0000000E+000
     12.611915     1.8222183E-003     0.0000000E+000
     12.695994     1.8016564E-003     0.0000000E+000
     12.780634     1.8146641E-003     0.0000000E+000
     12.865839     1.8134828E-003     0.0000000E+000
     12.951611     1.8096229E-003     0.0000000E+000
     13.037955     1.8330057E-003     0.0000000E+000
     13.124875     1.8075251E-003     0.0000000E+000
     13.212374     1.8512000E-003     0.0000000E+000
     13.300456     1.8550180E-003     0.0000000E+000
     13.389126     1.8199720E-003     0.0000000E+000
     13.478387     1.8876172E-003     0.0000000E+000
     13.568243     1.8606950E-003     0.0000000E+000
     13.658698     1.8584746E-003     0.0000000E+000
     13.749756     1.8536808E-003     0.0000000E+000
     13.841421     1.8814161E-003     0.0000000E+000
     13.933697     1.8641342E-003     0.0000000E+000
     14.026588     1.8802688E-003     0.0000000E+000
     14.120099     1.8914149E-003     0.0000000E+000
     14.214233     1.8836543E-003     0.0000000E+000
     14.308994     1.8899529E-003     0.0000000E+000
     14.404388     1.8907660E-003     0.0000000E+000
     14.500417     1.9158354E-003     0.0000000E+000
     14.597086     1.9003291E-003     0.0000000E+000
     14.694400     1.9101415E-003     0.0000000E+000
     14.792363     1.8999422E-003     0.0000000E+000
     14.890979     1.9825619E-003     0.0000000E+000
     14.990252     1.9265421E-003     0.0000000E+000
     15.090187     1.8947245E-003     0.0000000E+000
     15.190788     1.9266908E-003     0.0000000E+000
     15.292060     1.9125327E-003     0.0000000E+000
     15.394007     1.9050677E-003     0.0000000E+000
     15.496634     1.8809385E-003     0.0000000E+000
     15.599945     1.9154563E-003     0.0000000E+000
     15.703944     1.8823625E-003     0.0000000E+000
     15.808637     1.8840145E-003     0.0000000E+000
     15.914028     1.8503672E-003     0.0000000E+000
     16.020122     1.8925598E-003     0.0000000E+000
     16.126923     1.8737602E-003     0.0000000E+000
     16.234435     1.9152693E-003     0.0000000E+000
     16.342665     1.8718597E-003     0.0000000E+000
     16.451616     1.8802249E-003     0.0000000E+000
     16.561294     1.8758961E-003     0.0000000E+000
     16.671702     1.8808767E-003     0.0000000E+000
     16.782847     1.8689973E-003     0.0000000E+000
     16.894732     1.8658933E-003     0.0000000E+000
     17.007364     1.8316662E-003     0.0000000E+000
     17.120746     1.8583921E-003     0.0000000E+000
     17.234885     1.8858967E-003     0.0000000E+000
     17.349784     1.8870746E-003     0.0000000E+000
     17.465449     1.8590115E-003     0.0000000E+000
     17.581886     1.8877478E-003     0.0000000E+000
     17.699098     1.8683544E-003     0.0000000E+000
     17.817092     1.8430894E-003     0.0000000E+000
     17.935873     1.8592861E-003     0.0000000E+000
     18.055445     1.8551834E-003     0.0000000E+000
     18.175815     1.8636158E-003     0.0000000E+000
     18.296987     1.8394646E-003     0.0000000E+000
     18.418967     1.8609879E-003     0.0000000E+000
     18.541760     1.8912864E-003     0.0000000E+000
     18.665372     1.8830875E-003     0.0000000E+000
     18.789808     1.8446194E-003     0.0000000E+000
     18.915073     1.8466014E-003     0.0000000E+000
     19.041173     1.8293894E-003     0.0000000E+000
     19.168115     1.8423703E-003     0.0000000E+000
     19.295902     1.8796353E-003     0.0000000E+000
     19.424541     1.8911142E-003     0.0000000E+000
     19.554038     1.8426500E-003     0.0000000E+000
     19.684399     1.8452969E-003     0.0000000E+000
     19.815628     1.8692099E-003     0.0000000E+000
     19.947732     1.8648234E-003     0.0000000E+000
     20.080717     1.8279735E-003     0.0000000E+000
     20.214588     1.8701710E-003     0.0000000E+000
     20.349352     1.8843902E-003     0.0000000E+000
     20.485015     1.8695169E-003     0.0000000E+000
     20.621581     1.8447916E-003     0.0000000E+000
     20.759059     1.8552856E-003     0.0000000E+000
     20.897452     1.8422364E-003     0.0000000E+000
     21.036769     1.8855397E-003     0.0000000E+000
     21.177014     1.8993965E-003     0.0000000E+000
     21.318194     1.8764924E-003     0.0000000E+000
     21.460315     1.8198448E-003     0.0000000E+000
     21.603384     1.8956753E-003     0.0000000E+000
     21.747407     1.8644474E-003     0.0000000E+000
     21.892389     1.8847924E-003     0.0000000E+000
     22.038338     1.8664606E-003     0.0000000E+000
     22.185261     1.8787446E-003     0.0000000E+000
     22.333162     1.8815295E-003     0.0000000E+000
     22.482050     1.8583070E-003     0.0000000E+000
     22.631931     1.8961839E-003     0.0000000E+000
     22.782810     1.8268395E-003     0.0000000E+000
     22.934695     1.9013342E-003     0.0000000E+000
     23.087593     1.8393976E-003     0.0000000E+000
     23.241511     1.8350411E-003     0.0000000E+000
     23.396454     1.8381569E-003     0.0000000E+000
     23.552431     1.9108177E-003     0.0000000E+000
     23.709447     1.8701358E-003     0.0000000E+000
     23.867510     1.9287008E-003     0.0000000E+000
     24.026626     1.8490228E-003     0.0000000E+000
     24.186804     1.8335177E-003     0.0000000E+000
     24.348049     1.8562489E-003     0.0000000E+000
     24.510370     1.8753883E-003     0.0000000E+000
     24.673772     1.8653520E-003     0.0000000E+000
     24.838264     1.8307494E-003     0.0000000E+000
     25.003852     1.9132568E-003     0.0000000E+000
     25.170545     1.8834371E-003     0.0000000E+000
     25.338348     1.8896812E-003     0.0000000E+000
     25.507271     1.8740607E-003     0.0000000E+000
     25.677319     1.8702022E-003     0.0000000E+000
     25.848501     1.8336634E-003     0.0000000E+000
     26.020825     1.8876533E-003     0.0000000E+000
     26.194297     1.8432629E-003     0.0000000E+000
     26.368925     1.8254241E-003     0.0000000E+000
     26.544718     1.9129940E-003     0.0000000E+000
     26.721683     1.9397253E-003     0.0000000E+000
     26.899828     1.8281857E-003     0.0000000E+000
     27.079160     1.8753426E-003     0.0000000E+000
     27.259687     1.8945056E-003     0.0000000E+000
     27.441419     1.8127877E-003     0.0000000E+000
     27.624362     1.8297330E-003     0.0000000E+000
     27.808524     1.8530542E-003     0.0000000E+000
     27.993914     1.9068173E-003     0.0000000E+000
     28.180540     1.8987549E-003     0.0000000E+000
     28.368410     1.9336819E-003     0.0000000E+000
     28.557533     1.9100559E-003     0.0000000E+000
     28.747917     1.8409592E-003     0.0000000E+000
     28.939570     1.8354106E-003     0.0000000E+000
     29.132500     1.8620624E-003     0.0000000E+000
     29.326717     1.8644969E-003     0.0000000E+000
     29.522228     1.8986887E-003     0.0000000E+000
     29.719043     1.8435239E-003     0.0000000E+000
     29.917170     1.8683318E-003     0.0000000E+000
     30.116618     1.8995681E-003     0.0000000E+000
     30.317395     1.8216286E-003     0.0000000E+000
     30.519511     1.9274402E-003     0.0000000E+000
     30.722975     1.8870898E-003     0.0000000E+000
     30.927794     1.8813003E-003     0.0000000E+000
     31.133980     1.9131447E-003     0.0000000E+000
     31.341540     1.8193282E-003     0.0000000E+000
     31.550483     1.8330311E-003     0.0000000E+000
     31.760820     1.8605939E-003     0.0000000E+000
     31.972558     1.8802599E-003     0.0000000E+000
     32.185709     1.8516066E-003     0.0000000E+000
     32.400280     1.8678647E-003     0.0000000E+000
     32.616282     1.8261023E-003     0.0000000E+000
     32.833724     1.9046779E-003     0.0000000E+000
     33.052615     1.9638573E-003     0.0000000E+000
     33.272966     1.8870998E-003     0.0000000E+000
     33.494786     1.8817762E-003     0.0000000E+000
     33.718085     1.8443818E-003     0.0000000E+000
     33.942872     1.8341145E-003     0.0000000E+000
     34.169158     1.8514332E-003     0.0000000E+000
     34.396952     1.9170442E-003     0.0000000E+000
     34.626265     1.9120445E-003     0.0000000E+000
     34.857107     1.8888056E-003     0.0000000E+000
     35.089488     1.9289620E-003     0.0000000E+000
     35.323417     1.9021926E-003     0.0000000E+000
     35.558907     1.8978510E-003     0.0000000E+000
     35.795966     1.9131086E-003     0.0000000E+000
     36.034606     1.8978988E-003     0.0000000E+000
     36.274837     1.9119486E-003     0.0000000E+000
     36.516669     1.8362509E-003     0.0000000E+000
     36.760113     1.9170865E-003     0.0000000E+000
     37.005181     1.8702392E-003     0.0000000E+000
     37.251882     1.9313971E-003     0.0000000E+000
     37.500228     1.9133436E-003     0.0000000E+000
     37.750229     1.9025377E-003     0.0000000E+000
     38.001898     1.8910696E-003     0.0000000E+000
     38.255244     1.8779157E-003     0.0000000E+000
     38.510279     1.8326522E-003     0.0000000E+000
     38.767014     1.8532797E-003     0.0000000E+000
     39.025461     1.8712573E-003     0.0000000E+000
     39.285630     1.9236171E-003     0.0000000E+000
     39.547535     1.8431964E-003     0.0000000E+000
     39.811185     1.8690808E-003     0.0000000E+000
     40.076593     1.9468821E-003     0.0000000E+000
     40.343770     1.9508211E-003     0.0000000E+000
     40.612728     1.9637471E-003     0.0000000E+000
     40.883480     1.9392820E-003     0.0000000E+000
     41.156036     1.8740258E-003     0.0000000E+000
     41.430410     1.8901669E-003     0.0000000E+000
     41.706613     1.8511510E-003     0.0000000E+000
     41.984657     1.8564199E-003     0.0000000E+000
     42.264555     1.8647660E-003     0.0000000E+000
     42.546318     1.8968468E-003     0.0000000E+000
     42.829960     1.8794596E-003     0.0000000E+000
     43.115493     1.9819446E-003     0.0000000E+000
     43.402930     1.8972545E-003     0.0000000E+000
     43.692283     1.9266975E-003     0.0000000E+000
     43.983565     1.9470602E-003     0.0000000E+000
     44.276789     1.8787249E-003     0.0000000E+000
     44.571967     1.8873485E-003     0.0000000E+000
     44.869114     1.9147440E-003     0.0000000E+000
     45.168241     1.9053882E-003     0.0000000E+000
     45.469363     1.8908052E-003     0.0000000E+000
     45.772492     1.8650040E-003     0.0000000E+000
     46.077642     1.9222221E-003     0.0000000E+000
     46.384826     1.8928302E-003     0.0000000E+000
     46.694058     1.8912974E-003     0.0000000E+000
     47.005352     1.9295636E-003     0.0000000E+000
     47.318721     1.9163595E-003     0.0000000E+000
     47.634179     1.8812583E-003     0.0000000E+000
     47.951740     1.9126052E-003     0.0000000E+000
     48.271418     1.8464213E-003     0.0000000E+000
     48.593228     1.9559915E-003     0.0000000E+000
     48.917183     1.8814393E-003     0.0000000E+000
     49.243297     1.9149154E-003     0.0000000E+000
     49.571586     1.8788009E-003     0.0000000E+000
     49.902063     1.4516968E-003     0.0000000E+000
