
      0.100000     1.3901782E-003     0.0000000E+000
      0.100667     1.3930288E-003     0.0000000E+000
      0.101338     1.4033130E-003     0.0000000E+000
      0.102013     1.4282685E-003     0.0000000E+000
      0.102693     1.4785833E-003     0.0000000E+000
      0.103378     1.5660609E-003     0.0000000E+000
      0.104067     1.6963125E-003     0.0000000E+000
      0.104761     1.8564242E-003     0.0000000E+000
      0.105459     2.0150303E-003     0.0000000E+000
      0.106163     2.1414092E-003     0.0000000E+000
      0.106870     2.2281944E-003     0.0000000E+000
      0.107583     2.2868035E-003     0.0000000E+000
      0.108300     2.3301491E-003     0.0000000E+000
      0.109022     2.3648325E-003     0.0000000E+000
      0.109749     2.3930083E-003     0.0000000E+000
      0.110480     2.4151636E-003     0.0000000E+000
      0.111217     2.4313775E-003     0.0000000E+000
      0.111958     2.4416776E-003     0.0000000E+000
      0.112705     2.4461153E-003     0.0000000E+000
      0.113456     2.4447804E-003     0.0000000E+000
      0.114213     2.4378029E-003     0.0000000E+000
      0.114974     2.4253510E-003     0.0000000E+000
      0.115740     2.4076261E-003     0.0000000E+000
      0.116512     2.3848405E-003     0.0000000E+000
      0.117289     2.3571146E-003     0.0000000E+000
      0.118071     2.3240966E-003     0.0000000E+000
      0.118858     2.2839910E-003     0.0000000E+000
      0.119650     2.2323474E-003     0.0000000E+000
      0.120448     2.1632454E-003     0.0000000E+000
      0.121251     2.0763120E-003     0.0000000E+000
      0.122059     1.9857021E-003     0.0000000E+000
      0.122873     1.9176876E-003     0.0000000E+000
      0.123692     1.8935649E-003     0.0000000E+000
      0.124517     1.9153636E-003     0.0000000E+000
      0.125347     1.9679067E-003     0.0000000E+000
      0.126182     2.0311984E-003     0.0000000E+000
      0.127024     2.0905135E-003     0.0000000E+000
      0.127871     2.1390610E-003     0.0000000E+000
      0.128723     2.1756348E-003     0.0000000E+000
      0.129581     2.2015035E-003     0.0000000E+000
      0.130445     2.2184628E-003     0.0000000E+000
      0.131315     2.2280090E-003     0.0000000E+000
      0.132190     2.2312083E-003     0.0000000E+000
      0.133071     2.2287972E-003     0.0000000E+000
      0.133959     2.2213294E-003     0.0000000E+000
      0.134852     2.2093302E-003     0.0000000E+000
      0.135751     2.1934699E-003     0.0000000E+000
      0.136656     2.1747421E-003     0.0000000E+000
      0.137567     2.1545664E-003     0.0000000E+000
      0.138484     2.1346943E-003     0.0000000E+000
      0.139407     2.1168723E-003     0.0000000E+000
      0.140336     2.1023961E-003     0.0000000E+000
      0.141272     2.0918045E-003     0.0000000E+000
      0.142214     2.0848888E-003     0.0000000E+000
      0.143162     2.0808747E-003     0.0000000E+000
      0.144116     2.0787854E-003     0.0000000E+000
      0.145077     2.0776810E-003     0.0000000E+000
      0.146044     2.0767889E-003     0.0000000E+000
      0.147018     2.0755379E-003     0.0000000E+000
      0.147998     2.0735359E-003     0.0000000E+000
      0.148985     2.0705273E-003     0.0000000E+000
      0.149978     2.0663502E-003     0.0000000E+000
      0.150978     2.0609017E-003     0.0000000E+000
      0.151984     2.0541143E-003     0.0000000E+000
      0.152997     2.0459396E-003     0.0000000E+000
      0.154017     2.0363400E-003     0.0000000E+000
      0.155044     2.0252963E-003     0.0000000E+000
      0.156078     2.0128588E-003     0.0000000E+000
      0.157118     1.9989263E-003     0.0000000E+000
      0.158166     1.9834850E-003     0.0000000E+000
      0.159220     1.9665301E-003     0.0000000E+000
      0.160282     1.9480688E-003     0.0000000E+000
      0.161350     1.9281232E-003     0.0000000E+000
      0.162426     1.9067329E-003     0.0000000E+000
      0.163509     1.8839576E-003     0.0000000E+000
      0.164599     1.8598784E-003     0.0000000E+000
      0.165696     1.8345993E-003     0.0000000E+000
      0.166801     1.8082469E-003     0.0000000E+000
      0.167913     1.7809697E-003     0.0000000E+000
      0.169032     1.7529356E-003     0.0000000E+000
      0.170159     1.7243295E-003     0.0000000E+000
      0.171293     1.6955094E-003     0.0000000E+000
      0.172435     1.6665510E-003     0.0000000E+000
      0.173585     1.6376416E-003     0.0000000E+000
      0.174742     1.6089860E-003     0.0000000E+000
      0.175907     1.5807817E-003     0.0000000E+000
      0.177080     1.5532136E-003     0.0000000E+000
      0.178260     1.5264503E-003     0.0000000E+000
      0.179449     1.5006405E-003     0.0000000E+000
      0.180645     1.4759259E-003     0.0000000E+000
      0.181849     1.4523939E-003     0.0000000E+000
      0.183062     1.4301232E-003     0.0000000E+000
      0.184282     1.4091687E-003     0.0000000E+000
      0.185511     1.3895629E-003     0.0000000E+000
      0.186747     1.3713170E-003     0.0000000E+000
      0.187992     1.3544500E-003     0.0000000E+000
      0.189246     1.3390323E-003     0.0000000E+000
      0.190507     1.3249044E-003     0.0000000E+000
      0.191777     1.3120166E-003     0.0000000E+000
      0.193056     1.3003100E-003     0.0000000E+000
      0.194343     1.2897197E-003     0.0000000E+000
      0.195639     1.2801760E-003     0.0000000E+000
      0.196943     1.2716125E-003     0.0000000E+000
      0.198256     1.2639553E-003     0.0000000E+000
      0.199577     1.2571267E-003     0.0000000E+000
      0.200908     1.2510562E-003     0.0000000E+000
      0.202247     1.2456760E-003     0.0000000E+000
      0.203596     1.2409213E-003     0.0000000E+000
      0.204953     1.2367312E-003     0.0000000E+000
      0.206319     1.2330485E-003     0.0000000E+000
      0.207695     1.2298222E-003     0.0000000E+000
      0.209079     1.2270729E-003     0.0000000E+000
      0.210473     1.2246827E-003     0.0000000E+000
      0.211876     1.2226150E-003     0.0000000E+000
      0.213289     1.2208291E-003     0.0000000E+000
      0.214711     1.2192905E-003     0.0000000E+000
      0.216142     1.2179695E-003     0.0000000E+000
      0.217583     1.2168393E-003     0.0000000E+000
      0.219034     1.2158764E-003     0.0000000E+000
      0.220494     1.2150595E-003     0.0000000E+000
      0.221964     1.2143701E-003     0.0000000E+000
      0.223444     1.2137917E-003     0.0000000E+000
      0.224933     1.2133105E-003     0.0000000E+000
      0.226433     1.2129151E-003     0.0000000E+000
      0.227943     1.2125920E-003     0.0000000E+000
      0.229462     1.2123315E-003     0.0000000E+000
      0.230992     1.2121398E-003     0.0000000E+000
      0.232532     1.2120112E-003     0.0000000E+000
      0.234082     1.2119223E-003     0.0000000E+000
      0.235643     1.2118677E-003     0.0000000E+000
      0.237214     1.2118426E-003     0.0000000E+000
      0.238795     1.2118432E-003     0.0000000E+000
      0.240387     1.2118665E-003     0.0000000E+000
      0.241990     1.2119083E-003     0.0000000E+000
      0.243603     1.2119662E-003     0.0000000E+000
      0.245227     1.2120377E-003     0.0000000E+000
      0.246862     1.2121211E-003     0.0000000E+000
      0.248507     1.2122147E-003     0.0000000E+000
      0.250164     1.2123170E-003     0.0000000E+000
      0.251832     1.2124270E-003     0.0000000E+000
      0.253511     1.2125440E-003     0.0000000E+000
      0.255201     1.2126667E-003     0.0000000E+000
      0.256902     1.2128008E-003     0.0000000E+000
      0.258615     1.2129448E-003     0.0000000E+000
      0.260339     1.2130922E-003     0.0000000E+000
      0.262075     1.2132424E-003     0.0000000E+000
      0.263822     1.2133952E-003     0.0000000E+000
      0.265580     1.2135501E-003     0.0000000E+000
      0.267351     1.2137072E-003     0.0000000E+000
      0.269133     1.2138660E-003     0.0000000E+000
      0.270928     1.2140263E-003     0.0000000E+000
      0.272734     1.2141878E-003     0.0000000E+000
      0.274552     1.2143504E-003     0.0000000E+000
      0.276382     1.2145140E-003     0.0000000E+000
      0.278225     1.2146785E-003     0.0000000E+000
      0.280080     1.2148438E-003     0.0000000E+000
      0.281947     1.2150100E-003     0.0000000E+000
      0.283827     1.2151769E-003     0.0000000E+000
      0.285719     1.2153456E-003     0.0000000E+000
      0.287624     1.2155184E-003     0.0000000E+000
      0.289541     1.2156917E-003     0.0000000E+000
      0.291471     1.2158652E-003     0.0000000E+000
      0.293414     1.2160391E-003     0.0000000E+000
      0.295371     1.2162134E-003     0.0000000E+000
      0.297340     1.2163880E-003     0.0000000E+000
      0.299322     1.2165628E-003     0.0000000E+000
      0.301317     1.2182776E-003     0.0000000E+000
      0.303326     1.2188204E-003     0.0000000E+000
      0.305348     1.2191511E-003     0.0000000E+000
      0.307384     1.2205274E-003     0.0000000E+000
      0.309433     1.2208362E-003     0.0000000E+000
      0.311496     1.2209856E-003     0.0000000E+000
      0.313573     1.2241956E-003     0.0000000E+000
      0.315663     1.2241485E-003     0.0000000E+000
      0.317768     1.2226457E-003     0.0000000E+000
      0.319886     1.2213449E-003     0.0000000E+000
      0.322019     1.2216139E-003     0.0000000E+000
      0.324166     1.2210460E-003     0.0000000E+000
      0.326327     1.2229537E-003     0.0000000E+000
      0.328502     1.2230442E-003     0.0000000E+000
      0.330692     1.2265208E-003     0.0000000E+000
      0.332897     1.2279648E-003     0.0000000E+000
      0.335116     1.2363563E-003     0.0000000E+000
      0.337350     1.2376535E-003     0.0000000E+000
      0.339599     1.2316457E-003     0.0000000E+000
      0.341863     1.2291397E-003     0.0000000E+000
      0.344142     1.2270699E-003     0.0000000E+000
      0.346437     1.2262494E-003     0.0000000E+000
      0.348746     1.2279747E-003     0.0000000E+000
      0.351071     1.2255327E-003     0.0000000E+000
      0.353412     1.2279158E-003     0.0000000E+000
      0.355768     1.2302131E-003     0.0000000E+000
      0.358139     1.2349991E-003     0.0000000E+000
      0.360527     1.2443820E-003     0.0000000E+000
      0.362931     1.2741801E-003     0.0000000E+000
      0.365350     1.2706386E-003     0.0000000E+000
      0.367786     1.2561128E-003     0.0000000E+000
      0.370238     1.2424078E-003     0.0000000E+000
      0.372706     1.2382822E-003     0.0000000E+000
      0.375191     1.2374297E-003     0.0000000E+000
      0.377692     1.2452523E-003     0.0000000E+000
      0.380210     1.2427460E-003     0.0000000E+000
      0.382745     1.2428949E-003     0.0000000E+000
      0.385296     1.2377394E-003     0.0000000E+000
      0.387865     1.2346729E-003     0.0000000E+000
      0.390451     1.2374176E-003     0.0000000E+000
      0.393054     1.2529640E-003     0.0000000E+000
      0.395674     1.2965590E-003     0.0000000E+000
      0.398312     1.3453349E-003     0.0000000E+000
      0.400967     1.3402026E-003     0.0000000E+000
      0.403640     1.3118616E-003     0.0000000E+000
      0.406331     1.2799718E-003     0.0000000E+000
      0.409040     1.2556593E-003     0.0000000E+000
      0.411767     1.2471586E-003     0.0000000E+000
      0.414512     1.2633464E-003     0.0000000E+000
      0.417276     1.3008407E-003     0.0000000E+000
      0.420057     1.2962687E-003     0.0000000E+000
      0.422858     1.2868756E-003     0.0000000E+000
      0.425677     1.2838556E-003     0.0000000E+000
      0.428515     1.2678201E-003     0.0000000E+000
      0.431371     1.2584124E-003     0.0000000E+000
      0.434247     1.2528654E-003     0.0000000E+000
      0.437142     1.2780006E-003     0.0000000E+000
      0.440057     1.3636835E-003     0.0000000E+000
      0.442990     1.4402516E-003     0.0000000E+000
      0.445944     1.4375528E-003     0.0000000E+000
      0.448916     1.4205353E-003     0.0000000E+000
      0.451909     1.3825608E-003     0.0000000E+000
      0.454922     1.3399231E-003     0.0000000E+000
      0.457955     1.3024398E-003     0.0000000E+000
      0.461008     1.2812536E-003     0.0000000E+000
      0.464081     1.2933561E-003     0.0000000E+000
      0.467175     1.3519578E-003     0.0000000E+000
      0.470290     1.4005692E-003     0.0000000E+000
      0.473425     1.3963581E-003     0.0000000E+000
      0.476581     1.3829492E-003     0.0000000E+000
      0.479758     1.3547997E-003     0.0000000E+000
      0.482957     1.3384370E-003     0.0000000E+000
      0.486176     1.3847231E-003     0.0000000E+000
      0.489417     1.3606741E-003     0.0000000E+000
      0.492680     1.3675609E-003     0.0000000E+000
      0.495965     1.3660294E-003     0.0000000E+000
      0.499271     1.4413956E-003     0.0000000E+000
      0.502600     1.5410011E-003     0.0000000E+000
      0.505950     1.5406657E-003     0.0000000E+000
      0.509323     1.5409423E-003     0.0000000E+000
      0.512719     1.5239342E-003     0.0000000E+000
      0.516137     1.4824862E-003     0.0000000E+000
      0.519578     1.4315144E-003     0.0000000E+000
      0.523042     1.4011957E-003     0.0000000E+000
      0.526529     1.3883577E-003     0.0000000E+000
      0.530039     1.3957196E-003     0.0000000E+000
      0.533572     1.3954705E-003     0.0000000E+000
      0.537130     1.4380641E-003     0.0000000E+000
      0.540711     1.5198715E-003     0.0000000E+000
      0.544315     1.5164009E-003     0.0000000E+000
      0.547944     1.5165432E-003     0.0000000E+000
      0.551597     1.4997321E-003     0.0000000E+000
      0.555274     1.4659733E-003     0.0000000E+000
      0.558976     1.4327425E-003     0.0000000E+000
      0.562703     1.4170197E-003     0.0000000E+000
      0.566454     1.4655611E-003     0.0000000E+000
      0.570230     1.5391147E-003     0.0000000E+000
      0.574032     1.5294014E-003     0.0000000E+000
      0.577859     1.5323798E-003     0.0000000E+000
      0.581711     1.5565500E-003     0.0000000E+000
      0.585589     1.5848389E-003     0.0000000E+000
      0.589493     1.7049217E-003     0.0000000E+000
      0.593423     1.6626491E-003     0.0000000E+000
      0.597379     1.6625913E-003     0.0000000E+000
      0.601362     1.6502554E-003     0.0000000E+000
      0.605371     1.6127311E-003     0.0000000E+000
      0.609407     1.5678788E-003     0.0000000E+000
      0.613469     1.5196825E-003     0.0000000E+000
      0.617559     1.4893319E-003     0.0000000E+000
      0.621676     1.4810410E-003     0.0000000E+000
      0.625821     1.5394037E-003     0.0000000E+000
      0.629993     1.5190681E-003     0.0000000E+000
      0.634193     1.5389006E-003     0.0000000E+000
      0.638421     1.5611982E-003     0.0000000E+000
      0.642677     1.5912536E-003     0.0000000E+000
      0.646961     1.6752620E-003     0.0000000E+000
      0.651275     1.6432434E-003     0.0000000E+000
      0.655616     1.6439569E-003     0.0000000E+000
      0.659987     1.6298693E-003     0.0000000E+000
      0.664387     1.6095158E-003     0.0000000E+000
      0.668816     1.5758678E-003     0.0000000E+000
      0.673275     1.5400610E-003     0.0000000E+000
      0.677764     1.5254043E-003     0.0000000E+000
      0.682282     1.5335992E-003     0.0000000E+000
      0.686831     1.5341768E-003     0.0000000E+000
      0.691409     1.6790968E-003     0.0000000E+000
      0.696019     1.6831352E-003     0.0000000E+000
      0.700659     1.6918157E-003     0.0000000E+000
      0.705330     1.7041146E-003     0.0000000E+000
      0.710032     1.7218493E-003     0.0000000E+000
      0.714766     1.7893174E-003     0.0000000E+000
      0.719531     1.8455025E-003     0.0000000E+000
      0.724328     1.8146902E-003     0.0000000E+000
      0.729157     1.8086130E-003     0.0000000E+000
      0.734018     1.7951389E-003     0.0000000E+000
      0.738911     1.7829160E-003     0.0000000E+000
      0.743837     1.7542617E-003     0.0000000E+000
      0.748796     1.7254800E-003     0.0000000E+000
      0.753788     1.6971050E-003     0.0000000E+000
      0.758813     1.6705291E-003     0.0000000E+000
      0.763872     1.6483316E-003     0.0000000E+000
      0.768964     1.6380055E-003     0.0000000E+000
      0.774091     1.6316868E-003     0.0000000E+000
      0.779252     1.6497553E-003     0.0000000E+000
      0.784447     1.6813936E-003     0.0000000E+000
      0.789676     1.6841928E-003     0.0000000E+000
      0.794941     1.6912070E-003     0.0000000E+000
      0.800240     1.7279136E-003     0.0000000E+000
      0.805575     1.7480753E-003     0.0000000E+000
      0.810946     1.8403787E-003     0.0000000E+000
      0.816352     1.8363164E-003     0.0000000E+000
      0.821794     1.8306222E-003     0.0000000E+000
      0.827273     1.8109873E-003     0.0000000E+000
      0.832788     1.8164306E-003     0.0000000E+000
      0.838340     1.8054843E-003     0.0000000E+000
      0.843929     1.7844159E-003     0.0000000E+000
      0.849555     1.7621752E-003     0.0000000E+000
      0.855219     1.7337177E-003     0.0000000E+000
      0.860920     1.7077156E-003     0.0000000E+000
      0.866660     1.6897705E-003     0.0000000E+000
      0.872438     1.6880204E-003     0.0000000E+000
      0.878254     1.6810386E-003     0.0000000E+000
      0.884109     1.6942602E-003     0.0000000E+000
      0.890003     1.8036590E-003     0.0000000E+000
      0.895936     1.8561817E-003     0.0000000E+000
      0.901909     1.8486609E-003     0.0000000E+000
      0.907922     1.8289772E-003     0.0000000E+000
      0.913975     1.8816580E-003     0.0000000E+000
      0.920068     1.8843277E-003     0.0000000E+000
      0.926202     1.9798024E-003     0.0000000E+000
      0.932376     2.0637970E-003     0.0000000E+000
      0.938592     2.0504697E-003     0.0000000E+000
      0.944849     2.0190340E-003     0.0000000E+000
      0.951148     2.0200381E-003     0.0000000E+000
      0.957489     2.0364826E-003     0.0000000E+000
      0.963873     2.0170839E-003     0.0000000E+000
      0.970299     1.9883675E-003     0.0000000E+000
      0.976767     1.9807521E-003     0.0000000E+000
      0.983279     1.9647386E-003     0.0000000E+000
      0.989834     1.9341018E-003     0.0000000E+000
      0.996433     1.9091730E-003     0.0000000E+000
      1.003076     1.8794600E-003     0.0000000E+000
      1.009763     1.8400822E-003     0.0000000E+000
      1.016495     1.8067878E-003     0.0000000E+000
      1.023272     1.7782407E-003     0.0000000E+000
      1.030093     1.7586607E-003     0.0000000E+000
      1.036961     1.7361562E-003     0.0000000E+000
      1.043874     1.7363980E-003     0.0000000E+000
      1.050833     1.7410045E-003     0.0000000E+000
      1.057838     1.7443499E-003     0.0000000E+000
      1.064891     1.7555713E-003     0.0000000E+000
      1.071990     1.7677865E-003     0.0000000E+000
      1.079137     1.7850624E-003     0.0000000E+000
      1.086331     1.8222284E-003     0.0000000E+000
      1.093573     1.9356807E-003     0.0000000E+000
      1.100863     1.9926317E-003     0.0000000E+000
      1.108203     2.0213823E-003     0.0000000E+000
      1.115591     2.0675033E-003     0.0000000E+000
      1.123028     2.0662600E-003     0.0000000E+000
      1.130515     2.0747590E-003     0.0000000E+000
      1.138051     2.0724819E-003     0.0000000E+000
      1.145638     2.0623766E-003     0.0000000E+000
      1.153276     2.0639675E-003     0.0000000E+000
      1.160965     2.0598001E-003     0.0000000E+000
      1.168704     2.0566425E-003     0.0000000E+000
      1.176496     2.0475987E-003     0.0000000E+000
      1.184339     2.0153082E-003     0.0000000E+000
      1.192235     1.9793283E-003     0.0000000E+000
      1.200183     1.9457768E-003     0.0000000E+000
      1.208184     1.9229084E-003     0.0000000E+000
      1.216239     1.8970057E-003     0.0000000E+000
      1.224347     1.8811589E-003     0.0000000E+000
      1.232509     1.8570172E-003     0.0000000E+000
      1.240726     1.8397271E-003     0.0000000E+000
      1.248997     1.8169341E-003     0.0000000E+000
      1.257324     1.8092841E-003     0.0000000E+000
      1.265706     1.8169136E-003     0.0000000E+000
      1.274144     1.8334683E-003     0.0000000E+000
      1.282639     1.8593018E-003     0.0000000E+000
      1.291189     1.8874884E-003     0.0000000E+000
      1.299797     1.9029350E-003     0.0000000E+000
      1.308463     1.9145717E-003     0.0000000E+000
      1.317186     1.9473250E-003     0.0000000E+000
      1.325967     1.9926285E-003     0.0000000E+000
      1.334807     2.1650009E-003     0.0000000E+000
      1.343706     2.2321310E-003     0.0000000E+000
      1.352664     2.2896059E-003     0.0000000E+000
      1.361681     2.3098325E-003     0.0000000E+000
      1.370759     2.3071083E-003     0.0000000E+000
      1.379898     2.2902907E-003     0.0000000E+000
      1.389097     2.2789980E-003     0.0000000E+000
      1.398358     2.2951308E-003     0.0000000E+000
      1.407680     2.3176429E-003     0.0000000E+000
      1.417064     2.3296954E-003     0.0000000E+000
      1.426512     2.3296741E-003     0.0000000E+000
      1.436022     2.3228847E-003     0.0000000E+000
      1.445595     2.2939687E-003     0.0000000E+000
      1.455232     2.2352433E-003     0.0000000E+000
      1.464934     2.2430400E-003     0.0000000E+000
      1.474700     2.2141555E-003     0.0000000E+000
      1.484532     2.2042170E-003     0.0000000E+000
      1.494428     2.1782329E-003     0.0000000E+000
      1.504391     2.1580809E-003     0.0000000E+000
      1.514421     2.1209260E-003     0.0000000E+000
      1.524517     2.0918828E-003     0.0000000E+000
      1.534680     2.0612189E-003     0.0000000E+000
      1.544911     2.0231666E-003     0.0000000E+000
      1.555211     1.9915691E-003     0.0000000E+000
      1.565579     1.9530288E-003     0.0000000E+000
      1.576016     1.9294168E-003     0.0000000E+000
      1.586523     1.9032496E-003     0.0000000E+000
      1.597100     1.8922974E-003     0.0000000E+000
      1.607747     1.9017809E-003     0.0000000E+000
      1.618465     1.9178643E-003     0.0000000E+000
      1.629255     1.9267374E-003     0.0000000E+000
      1.640117     1.9194631E-003     0.0000000E+000
      1.651051     1.9215832E-003     0.0000000E+000
      1.662058     1.9381854E-003     0.0000000E+000
      1.673138     1.9545739E-003     0.0000000E+000
      1.684292     1.9350013E-003     0.0000000E+000
      1.695521     1.9555482E-003     0.0000000E+000
      1.706825     1.9601646E-003     0.0000000E+000
      1.718203     1.9966148E-003     0.0000000E+000
      1.729658     2.0277160E-003     0.0000000E+000
      1.741189     2.0493602E-003     0.0000000E+000
      1.752797     2.0718705E-003     0.0000000E+000
      1.764482     2.1042961E-003     0.0000000E+000
      1.776246     2.1435631E-003     0.0000000E+000
      1.788087     2.1768699E-003     0.0000000E+000
      1.800008     2.2006852E-003     0.0000000E+000
      1.812008     2.2202364E-003     0.0000000E+000
      1.824088     2.2358144E-003     0.0000000E+000
      1.836248     2.2459857E-003     0.0000000E+000
      1.848490     2.2729632E-003     0.0000000E+000
      1.860813     2.3158354E-003     0.0000000E+000
      1.873219     2.2826574E-003     0.0000000E+000
      1.885707     2.2307250E-003     0.0000000E+000
      1.898278     2.2127728E-003     0.0000000E+000
      1.910934     2.2004913E-003     0.0000000E+000
      1.923673     2.2075475E-003     0.0000000E+000
      1.936498     2.2521336E-003     0.0000000E+000
      1.949408     2.2541022E-003     0.0000000E+000
      1.962404     2.2430666E-003     0.0000000E+000
      1.975486     2.2338132E-003     0.0000000E+000
      1.988656     2.2197730E-003     0.0000000E+000
      2.001914     2.1961146E-003     0.0000000E+000
      2.015260     2.1698410E-003     0.0000000E+000
      2.028695     2.1355166E-003     0.0000000E+000
      2.042220     2.0941960E-003     0.0000000E+000
      2.055834     2.0708548E-003     0.0000000E+000
      2.069540     2.0439875E-003     0.0000000E+000
      2.083337     2.0179486E-003     0.0000000E+000
      2.097226     2.0041214E-003     0.0000000E+000
      2.111207     1.9891714E-003     0.0000000E+000
      2.125282     1.9825056E-003     0.0000000E+000
      2.139451     1.9740974E-003     0.0000000E+000
      2.153714     1.9798878E-003     0.0000000E+000
      2.168072     1.9803634E-003     0.0000000E+000
      2.182526     1.9909422E-003     0.0000000E+000
      2.197076     2.0148885E-003     0.0000000E+000
      2.211723     2.0204771E-003     0.0000000E+000
      2.226468     2.0264576E-003     0.0000000E+000
      2.241311     2.0384183E-003     0.0000000E+000
      2.256253     2.0371966E-003     0.0000000E+000
      2.271295     2.0501309E-003     0.0000000E+000
      2.286437     2.0562361E-003     0.0000000E+000
      2.301679     2.0499716E-003     0.0000000E+000
      2.317024     2.0640435E-003     0.0000000E+000
      2.332471     2.0663183E-003     0.0000000E+000
      2.348021     2.0921365E-003     0.0000000E+000
      2.363674     2.0950136E-003     0.0000000E+000
      2.379432     2.1198380E-003     0.0000000E+000
      2.395295     2.0985436E-003     0.0000000E+000
      2.411263     2.1378163E-003     0.0000000E+000
      2.427339     2.1577080E-003     0.0000000E+000
      2.443521     2.1937148E-003     0.0000000E+000
      2.459811     2.2210777E-003     0.0000000E+000
      2.476210     2.2641776E-003     0.0000000E+000
      2.492718     2.2847988E-003     0.0000000E+000
      2.509336     2.3520318E-003     0.0000000E+000
      2.526065     2.3562755E-003     0.0000000E+000
      2.542905     2.3893316E-003     0.0000000E+000
      2.559858     2.4171989E-003     0.0000000E+000
      2.576924     2.3899334E-003     0.0000000E+000
      2.594103     2.3877494E-003     0.0000000E+000
      2.611397     2.3618268E-003     0.0000000E+000
      2.628806     2.3639833E-003     0.0000000E+000
      2.646332     2.3594885E-003     0.0000000E+000
      2.663974     2.3870301E-003     0.0000000E+000
      2.681734     2.4290887E-003     0.0000000E+000
      2.699612     2.4601466E-003     0.0000000E+000
      2.717610     2.4539735E-003     0.0000000E+000
      2.735727     2.4110784E-003     0.0000000E+000
      2.753965     2.3887256E-003     0.0000000E+000
      2.772325     2.4393550E-003     0.0000000E+000
      2.790807     2.4146721E-003     0.0000000E+000
      2.809412     2.4586017E-003     0.0000000E+000
      2.828142     2.4353652E-003     0.0000000E+000
      2.846996     2.4522156E-003     0.0000000E+000
      2.865976     2.4036689E-003     0.0000000E+000
      2.885083     2.4161059E-003     0.0000000E+000
      2.904316     2.4431605E-003     0.0000000E+000
      2.923679     2.4144650E-003     0.0000000E+000
      2.943170     2.3888553E-003     0.0000000E+000
      2.962791     2.3996397E-003     0.0000000E+000
      2.982543     2.3612278E-003     0.0000000E+000
      3.002426     2.3633678E-003     0.0000000E+000
      3.022443     2.3196899E-003     0.0000000E+000
      3.042592     2.3363197E-003     0.0000000E+000
      3.062876     2.2953083E-003     0.0000000E+000
      3.083295     2.2690290E-003     0.0000000E+000
      3.103851     2.2779625E-003     0.0000000E+000
      3.124543     2.2478285E-003     0.0000000E+000
      3.145373     2.2611563E-003     0.0000000E+000
      3.166342     2.2429922E-003     0.0000000E+000
      3.187451     2.2299459E-003     0.0000000E+000
      3.208701     2.2442235E-003     0.0000000E+000
      3.230092     2.2144708E-003     0.0000000E+000
      3.251626     2.1828900E-003     0.0000000E+000
      3.273304     2.1819690E-003     0.0000000E+000
      3.295126     2.1857745E-003     0.0000000E+000
      3.317093     2.2226845E-003     0.0000000E+000
      3.339207     2.2142311E-003     0.0000000E+000
      3.361469     2.1888739E-003     0.0000000E+000
      3.383879     2.1827422E-003     0.0000000E+000
      3.406438     2.1823980E-003     0.0000000E+000
      3.429147     2.1739887E-003     0.0000000E+000
      3.452008     2.1634853E-003     0.0000000E+000
      3.475022     2.1509047E-003     0.0000000E+000
      3.498188     2.1455342E-003     0.0000000E+000
      3.521510     2.1273835E-003     0.0000000E+000
      3.544986     2.1174481E-003     0.0000000E+000
      3.568620     2.0985326E-003     0.0000000E+000
      3.592411     2.0868258E-003     0.0000000E+000
      3.616360     2.0689913E-003     0.0000000E+000
      3.640469     2.0502275E-003     0.0000000E+000
      3.664739     2.0401517E-003     0.0000000E+000
      3.689170     2.0275727E-003     0.0000000E+000
      3.713765     2.0095317E-003     0.0000000E+000
      3.738523     2.0099643E-003     0.0000000E+000
      3.763447     1.9994769E-003     0.0000000E+000
      3.788536     1.9850399E-003     0.0000000E+000
      3.813793     1.9835579E-003     0.0000000E+000
      3.839219     1.9748667E-003     0.0000000E+000
      3.864813     1.9590215E-003     0.0000000E+000
      3.890579     1.9632704E-003     0.0000000E+000
      3.916516     1.9512007E-003     0.0000000E+000
      3.942626     1.9510145E-003     0.0000000E+000
      3.968910     1.9505765E-003     0.0000000E+000
      3.995370     1.9496709E-003     0.0000000E+000
      4.022005     1.9523516E-003     0.0000000E+000
      4.048819     1.9588185E-003     0.0000000E+000
      4.075811     1.9797953E-003     0.0000000E+000
      4.102983     1.9914770E-003     0.0000000E+000
      4.130336     2.0174361E-003     0.0000000E+000
      4.157872     2.0387943E-003     0.0000000E+000
      4.185591     2.0691644E-003     0.0000000E+000
      4.213495     2.1236128E-003     0.0000000E+000
      4.241585     2.1698024E-003     0.0000000E+000
      4.269862     2.1822415E-003     0.0000000E+000
      4.298328     2.1914541E-003     0.0000000E+000
      4.326983     2.1887655E-003     0.0000000E+000
      4.355830     2.1890094E-003     0.0000000E+000
      4.384869     2.1903304E-003     0.0000000E+000
      4.414101     2.1606068E-003     0.0000000E+000
      4.443529     2.1731119E-003     0.0000000E+000
      4.473152     2.1249467E-003     0.0000000E+000
      4.502973     2.1375379E-003     0.0000000E+000
      4.532993     2.1397022E-003     0.0000000E+000
      4.563213     2.1363427E-003     0.0000000E+000
      4.593634     2.1335443E-003     0.0000000E+000
      4.624259     2.1767608E-003     0.0000000E+000
      4.655087     2.2009776E-003     0.0000000E+000
      4.686121     2.1951702E-003     0.0000000E+000
      4.717362     2.2231226E-003     0.0000000E+000
      4.748811     2.1588750E-003     0.0000000E+000
      4.780470     2.2198591E-003     0.0000000E+000
      4.812339     2.1843115E-003     0.0000000E+000
      4.844422     2.1991260E-003     0.0000000E+000
      4.876718     2.2002360E-003     0.0000000E+000
      4.909229     2.2061863E-003     0.0000000E+000
      4.941957     2.2409050E-003     0.0000000E+000
      4.974904     2.2162480E-003     0.0000000E+000
      5.008070     2.2666819E-003     0.0000000E+000
      5.041457     2.2191576E-003     0.0000000E+000
      5.075067     2.2417659E-003     0.0000000E+000
      5.108900     2.2441690E-003     0.0000000E+000
      5.142960     2.3113408E-003     0.0000000E+000
      5.177246     2.2530272E-003     0.0000000E+000
      5.211761     2.3092939E-003     0.0000000E+000
      5.246506     2.2622956E-003     0.0000000E+000
      5.281483     2.3300765E-003     0.0000000E+000
      5.316693     2.2578687E-003     0.0000000E+000
      5.352137     2.3247562E-003     0.0000000E+000
      5.387818     2.3059100E-003     0.0000000E+000
      5.423737     2.3885258E-003     0.0000000E+000
      5.459895     2.3216163E-003     0.0000000E+000
      5.496295     2.3134230E-003     0.0000000E+000
      5.532937     2.3710838E-003     0.0000000E+000
      5.569823     2.3915012E-003     0.0000000E+000
      5.606955     2.3463527E-003     0.0000000E+000
      5.644335     2.3248038E-003     0.0000000E+000
      5.681964     2.3559276E-003     0.0000000E+000
      5.719843     2.4042654E-003     0.0000000E+000
      5.757976     2.3409358E-003     0.0000000E+000
      5.796362     2.3386030E-003     0.0000000E+000
      5.835005     2.3798438E-003     0.0000000E+000
      5.873905     2.3867645E-003     0.0000000E+000
      5.913064     2.3310859E-003     0.0000000E+000
      5.952484     2.3705621E-003     0.0000000E+000
      5.992168     2.2859879E-003     0.0000000E+000
      6.032115     2.3520163E-003     0.0000000E+000
      6.072330     2.2697172E-003     0.0000000E+000
      6.112812     2.2617885E-003     0.0000000E+000
      6.153564     2.2753989E-003     0.0000000E+000
      6.194588     2.2253633E-003     0.0000000E+000
      6.235885     2.2290780E-003     0.0000000E+000
      6.277457     2.2081692E-003     0.0000000E+000
      6.319307     2.1999358E-003     0.0000000E+000
      6.361436     2.2339499E-003     0.0000000E+000
      6.403845     2.3073793E-003     0.0000000E+000
      6.446538     2.2967607E-003     0.0000000E+000
      6.489515     2.4274891E-003     0.0000000E+000
      6.532778     2.4017735E-003     0.0000000E+000
      6.576330     2.4920393E-003     0.0000000E+000
      6.620172     2.5476233E-003     0.0000000E+000
      6.664307     2.4447643E-003     0.0000000E+000
      6.708735     2.4226266E-003     0.0000000E+000
      6.753460     2.3901497E-003     0.0000000E+000
      6.798483     2.4446546E-003     0.0000000E+000
      6.843806     2.4763594E-003     0.0000000E+000
      6.889432     2.3904690E-003     0.0000000E+000
      6.935361     2.3786113E-003     0.0000000E+000
      6.981597     2.3423753E-003     0.0000000E+000
      7.028141     2.4028447E-003     0.0000000E+000
      7.074995     2.3948015E-003     0.0000000E+000
      7.122162     2.3724153E-003     0.0000000E+000
      7.169643     2.3346819E-003     0.0000000E+000
      7.217441     2.3647812E-003     0.0000000E+000
      7.265557     2.3587916E-003     0.0000000E+000
      7.313994     2.3519723E-003     0.0000000E+000
      7.362754     2.3602482E-003     0.0000000E+000
      7.411839     2.3244535E-003     0.0000000E+000
      7.461251     2.3583364E-003     0.0000000E+000
      7.510993     2.3196292E-003     0.0000000E+000
      7.561066     2.3327385E-003     0.0000000E+000
      7.611473     2.3742390E-003     0.0000000E+000
      7.662217     2.3141332E-003     0.0000000E+000
      7.713298     2.3405948E-003     0.0000000E+000
      7.764720     2.3462166E-003     0.0000000E+000
      7.816485     2.2998686E-003     0.0000000E+000
      7.868595     2.3896288E-003     0.0000000E+000
      7.921052     2.3022832E-003     0.0000000E+000
      7.973859     2.3191890E-003     0.0000000E+000
      8.027018     2.3137813E-003     0.0000000E+000
      8.080531     2.2839418E-003     0.0000000E+000
      8.134402     2.2769346E-003     0.0000000E+000
      8.188631     2.3069888E-003     0.0000000E+000
      8.243222     2.2655001E-003     0.0000000E+000
      8.298177     2.2567292E-003     0.0000000E+000
      8.353498     2.2988539E-003     0.0000000E+000
      8.409188     2.2095561E-003     0.0000000E+000
      8.465249     2.2177279E-003     0.0000000E+000
      8.521684     2.2311158E-003     0.0000000E+000
      8.578495     2.1980743E-003     0.0000000E+000
      8.635685     2.1658871E-003     0.0000000E+000
      8.693257     2.1884338E-003     0.0000000E+000
      8.751212     2.1778954E-003     0.0000000E+000
      8.809553     2.1899367E-003     0.0000000E+000
      8.868283     2.1357266E-003     0.0000000E+000
      8.927405     2.1475062E-003     0.0000000E+000
      8.986921     2.1474930E-003     0.0000000E+000
      9.046834     2.1396058E-003     0.0000000E+000
      9.107146     2.1155607E-003     0.0000000E+000
      9.167861     2.0991376E-003     0.0000000E+000
      9.228980     2.1084746E-003     0.0000000E+000
      9.290506     2.1128019E-003     0.0000000E+000
      9.352443     2.0813033E-003     0.0000000E+000
      9.414793     2.1232944E-003     0.0000000E+000
      9.477558     2.1032292E-003     0.0000000E+000
      9.540742     2.0490162E-003     0.0000000E+000
      9.604346     2.0944685E-003     0.0000000E+000
      9.668375     2.0767072E-003     0.0000000E+000
      9.732831     2.0601869E-003     0.0000000E+000
      9.797717     2.0643532E-003     0.0000000E+000
      9.863035     2.1037717E-003     0.0000000E+000
      9.928789     2.0684426E-003     0.0000000E+000
      9.994980     2.0523410E-003     0.0000000E+000
     10.061614     2.0681960E-003     0.0000000E+000
     10.128691     2.0222367E-003     0.0000000E+000
     10.196216     2.0218027E-003     0.0000000E+000
     10.264190     2.0516014E-003     0.0000000E+000
     10.332618     2.0771971E-003     0.0000000E+000
     10.401503     2.1226774E-003     0.0000000E+000
     10.470846     2.0676780E-003     0.0000000E+000
     10.540651     2.0452857E-003     0.0000000E+000
     10.610923     2.0778413E-003     0.0000000E+000
     10.681662     2.0226748E-003     0.0000000E+000
     10.752873     2.0556527E-003     0.0000000E+000
     10.824559     2.0240074E-003     0.0000000E+000
     10.896723     2.0653758E-003     0.0000000E+000
     10.969367     2.1350897E-003     0.0000000E+000
     11.042497     2.1171326E-003     0.0000000E+000
     11.116113     2.0343313E-003     0.0000000E+000
     11.190221     2.0734816E-003     0.0000000E+000
     11.264822     2.0587026E-003     0.0000000E+000
     11.339921     2.0843971E-003     0.0000000E+000
     11.415520     2.0282819E-003     0.0000000E+000
     11.491624     2.0409034E-003     0.0000000E+000
     11.568235     2.0861072E-003     0.0000000E+000
     11.645356     2.1036251E-003     0.0000000E+000
     11.722992     2.1754536E-003     0.0000000E+000
     11.801145     2.0910645E-003     0.0000000E+000
     11.879820     2.0993756E-003     0.0000000E+000
     11.959018     2.0679962E-003     0.0000000E+000
     12.038745     2.0843255E-003     0.0000000E+000
     12.119003     2.1067485E-003     0.0000000E+000
     12.199797     2.0432781E-003     0.0000000E+000
     12.281129     2.1381215E-003     0.0000000E+000
     12.363003     2.1243512E-003     0.0000000E+000
     12.445423     2.1527904E-003     0.0000000E+000
     12.528392     2.1638252E-003     0.0000000E+000
     12.611915     2.1542913E-003     0.0000000E+000
     12.695994     2.1028941E-003     0.0000000E+000
     12.780634     2.1408756E-003     0.0000000E+000
     12.865839     2.1235645E-003     0.0000000E+000
     12.951611     2.1146323E-003     0.0000000E+000
     13.037955     2.1333440E-003     0.0000000E+000
     13.124875     2.1244819E-003     0.0000000E+000
     13.212374     2.1622251E-003     0.0000000E+000
     13.300456     2.1968205E-003     0.0000000E+000
     13.389126     2.1286572E-003     0.0000000E+000
     13.478387     2.2209361E-003     0.0000000E+000
     13.568243     2.1791788E-003     0.0000000E+000
     13.658698     2.1728411E-003     0.0000000E+000
     13.749756     2.1688355E-003     0.0000000E+000
     13.841421     2.1881105E-003     0.0000000E+000
     13.933697     2.1418117E-003     0.0000000E+000
     14.026588     2.2017334E-003     0.0000000E+000
     14.120099     2.2147342E-003     0.0000000E+000
     14.214233     2.2192524E-003     0.0000000E+000
     14.308994     2.2068192E-003     0.0000000E+000
     14.404388     2.2091745E-003     0.0000000E+000
     14.500417     2.2648572E-003     0.0000000E+000
     14.597086     2.1904856E-003     0.0000000E+000
     14.694400     2.2124641E-003     0.0000000E+000
     14.792363     2.2164148E-003     0.0000000E+000
     14.890979     2.2811139E-003     0.0000000E+000
     14.990252     2.2379411E-003     0.0000000E+000
     15.090187     2.2231476E-003     0.0000000E+000
     15.190788     2.2200410E-003     0.0000000E+000
     15.292060     2.2185015E-003     0.0000000E+000
     15.394007     2.2493734E-003     0.0000000E+000
     15.496634     2.2226418E-003     0.0000000E+000
     15.599945     2.3036017E-003     0.0000000E+000
     15.703944     2.2360430E-003     0.0000000E+000
     15.808637     2.2429772E-003     0.0000000E+000
     15.914028     2.1680025E-003     0.0000000E+000
     16.020122     2.2871025E-003     0.0000000E+000
     16.126923     2.2535746E-003     0.0000000E+000
     16.234435     2.2915305E-003     0.0000000E+000
     16.342665     2.2352665E-003     0.0000000E+000
     16.451616     2.2857925E-003     0.0000000E+000
     16.561294     2.2653518E-003     0.0000000E+000
     16.671702     2.3079273E-003     0.0000000E+000
     16.782847     2.2162510E-003     0.0000000E+000
     16.894732     2.2562296E-003     0.0000000E+000
     17.007364     2.2094146E-003     0.0000000E+000
     17.120746     2.2754200E-003     0.0000000E+000
     17.234885     2.2970815E-003     0.0000000E+000
     17.349784     2.3440553E-003     0.0000000E+000
     17.465449     2.2743914E-003     0.0000000E+000
     17.581886     2.2911172E-003     0.0000000E+000
     17.699098     2.3086186E-003     0.0000000E+000
     17.817092     2.2550321E-003     0.0000000E+000
     17.935873     2.2682089E-003     0.0000000E+000
     18.055445     2.2551163E-003     0.0000000E+000
     18.175815     2.3014657E-003     0.0000000E+000
     18.296987     2.2525838E-003     0.0000000E+000
     18.418967     2.3004081E-003     0.0000000E+000
     18.541760     2.3826007E-003     0.0000000E+000
     18.665372     2.3454529E-003     0.0000000E+000
     18.789808     2.2494944E-003     0.0000000E+000
     18.915073     2.2663497E-003     0.0000000E+000
     19.041173     2.2588451E-003     0.0000000E+000
     19.168115     2.2744059E-003     0.0000000E+000
     19.295902     2.3528633E-003     0.0000000E+000
     19.424541     2.3850535E-003     0.0000000E+000
     19.554038     2.2765068E-003     0.0000000E+000
     19.684399     2.2852040E-003     0.0000000E+000
     19.815628     2.3147748E-003     0.0000000E+000
     19.947732     2.3294293E-003     0.0000000E+000
     20.080717     2.2447196E-003     0.0000000E+000
     20.214588     2.3350456E-003     0.0000000E+000
     20.349352     2.3647946E-003     0.0000000E+000
     20.485015     2.3392597E-003     0.0000000E+000
     20.621581     2.2786882E-003     0.0000000E+000
     20.759059     2.2975768E-003     0.0000000E+000
     20.897452     2.2581237E-003     0.0000000E+000
     21.036769     2.3751320E-003     0.0000000E+000
     21.177014     2.4089241E-003     0.0000000E+000
     21.318194     2.3499463E-003     0.0000000E+000
     21.460315     2.2389928E-003     0.0000000E+000
     21.603384     2.4024426E-003     0.0000000E+000
     21.747407     2.3333978E-003     0.0000000E+000
     21.892389     2.3811889E-003     0.0000000E+000
     22.038338     2.3418959E-003     0.0000000E+000
     22.185261     2.3625751E-003     0.0000000E+000
     22.333162     2.3754934E-003     0.0000000E+000
     22.482050     2.3373045E-003     0.0000000E+000
     22.631931     2.3486035E-003     0.0000000E+000
     22.782810     2.2477582E-003     0.0000000E+000
     22.934695     2.3956445E-003     0.0000000E+000
     23.087593     2.2542588E-003     0.0000000E+000
     23.241511     2.2653017E-003     0.0000000E+000
     23.396454     2.2687871E-003     0.0000000E+000
     23.552431     2.4319842E-003     0.0000000E+000
     23.709447     2.3439091E-003     0.0000000E+000
     23.867510     2.4755867E-003     0.0000000E+000
     24.026626     2.2985526E-003     0.0000000E+000
     24.186804     2.2467196E-003     0.0000000E+000
     24.348049     2.2909535E-003     0.0000000E+000
     24.510370     2.3430045E-003     0.0000000E+000
     24.673772     2.3304876E-003     0.0000000E+000
     24.838264     2.2745971E-003     0.0000000E+000
     25.003852     2.4527574E-003     0.0000000E+000
     25.170545     2.3890896E-003     0.0000000E+000
     25.338348     2.3862703E-003     0.0000000E+000
     25.507271     2.3412495E-003     0.0000000E+000
     25.677319     2.3300795E-003     0.0000000E+000
     25.848501     2.2650470E-003     0.0000000E+000
     26.020825     2.3951409E-003     0.0000000E+000
     26.194297     2.2845719E-003     0.0000000E+000
     26.368925     2.2595980E-003     0.0000000E+000
     26.544718     2.4393824E-003     0.0000000E+000
     26.721683     2.4921284E-003     0.0000000E+000
     26.899828     2.2588331E-003     0.0000000E+000
     27.079160     2.3475173E-003     0.0000000E+000
     27.259687     2.3622317E-003     0.0000000E+000
     27.441419     2.2194910E-003     0.0000000E+000
     27.624362     2.2424083E-003     0.0000000E+000
     27.808524     2.3001194E-003     0.0000000E+000
     27.993914     2.4238486E-003     0.0000000E+000
     28.180540     2.4125309E-003     0.0000000E+000
     28.368410     2.4758693E-003     0.0000000E+000
     28.557533     2.4384726E-003     0.0000000E+000
     28.747917     2.2881296E-003     0.0000000E+000
     28.939570     2.2748650E-003     0.0000000E+000
     29.132500     2.3184501E-003     0.0000000E+000
     29.326717     2.3286005E-003     0.0000000E+000
     29.522228     2.4099069E-003     0.0000000E+000
     29.719043     2.2749669E-003     0.0000000E+000
     29.917170     2.3247699E-003     0.0000000E+000
     30.116618     2.3752584E-003     0.0000000E+000
     30.317395     2.2572727E-003     0.0000000E+000
     30.519511     2.4678860E-003     0.0000000E+000
     30.722975     2.3615755E-003     0.0000000E+000
     30.927794     2.3833880E-003     0.0000000E+000
     31.133980     2.4653950E-003     0.0000000E+000
     31.341540     2.2440993E-003     0.0000000E+000
     31.550483     2.2631214E-003     0.0000000E+000
     31.760820     2.3334663E-003     0.0000000E+000
     31.972558     2.3562294E-003     0.0000000E+000
     32.185709     2.2917608E-003     0.0000000E+000
     32.400280     2.3426359E-003     0.0000000E+000
     32.616282     2.2526032E-003     0.0000000E+000
     32.833724     2.4075066E-003     0.0000000E+000
     33.052615     2.5485669E-003     0.0000000E+000
     33.272966     2.3983317E-003     0.0000000E+000
     33.494786     2.3609266E-003     0.0000000E+000
     33.718085     2.2844217E-003     0.0000000E+000
     33.942872     2.2384617E-003     0.0000000E+000
     34.169158     2.2978870E-003     0.0000000E+000
     34.396952     2.4333410E-003     0.0000000E+000
     34.626265     2.4139868E-003     0.0000000E+000
     34.857107     2.3725637E-003     0.0000000E+000
     35.089488     2.4641332E-003     0.0000000E+000
     35.323417     2.4036578E-003     0.0000000E+000
     35.558907     2.4087765E-003     0.0000000E+000
     35.795966     2.4288578E-003     0.0000000E+000
     36.034606     2.4248942E-003     0.0000000E+000
     36.274837     2.4096133E-003     0.0000000E+000
     36.516669     2.2622952E-003     0.0000000E+000
     36.760113     2.4079808E-003     0.0000000E+000
     37.005181     2.3260590E-003     0.0000000E+000
     37.251882     2.4293215E-003     0.0000000E+000
     37.500228     2.4286526E-003     0.0000000E+000
     37.750229     2.3767594E-003     0.0000000E+000
     38.001898     2.3866418E-003     0.0000000E+000
     38.255244     2.3625927E-003     0.0000000E+000
     38.510279     2.2588923E-003     0.0000000E+000
     38.767014     2.3150569E-003     0.0000000E+000
     39.025461     2.3528426E-003     0.0000000E+000
     39.285630     2.4565941E-003     0.0000000E+000
     39.547535     2.3025823E-003     0.0000000E+000
     39.811185     2.3305275E-003     0.0000000E+000
     40.076593     2.5135158E-003     0.0000000E+000
     40.343770     2.5219190E-003     0.0000000E+000
     40.612728     2.5455532E-003     0.0000000E+000
     40.883480     2.4997162E-003     0.0000000E+000
     41.156036     2.3533122E-003     0.0000000E+000
     41.430410     2.3695878E-003     0.0000000E+000
     41.706613     2.2974922E-003     0.0000000E+000
     41.984657     2.3313260E-003     0.0000000E+000
     42.264555     2.3403320E-003     0.0000000E+000
     42.546318     2.4008360E-003     0.0000000E+000
     42.829960     2.3499388E-003     0.0000000E+000
     43.115493     2.5819948E-003     0.0000000E+000
     43.402930     2.4217069E-003     0.0000000E+000
     43.692283     2.4378572E-003     0.0000000E+000
     43.983565     2.5259727E-003     0.0000000E+000
     44.276789     2.3667038E-003     0.0000000E+000
     44.571967     2.3791670E-003     0.0000000E+000
     44.869114     2.4275929E-003     0.0000000E+000
     45.168241     2.4211290E-003     0.0000000E+000
     45.469363     2.3981564E-003     0.0000000E+000
     45.772492     2.3665036E-003     0.0000000E+000
     46.077642     2.4279986E-003     0.0000000E+000
     46.384826     2.3800424E-003     0.0000000E+000
     46.694058     2.4142655E-003     0.0000000E+000
     47.005352     2.4840603E-003     0.0000000E+000
     47.318721     2.4319162E-003     0.0000000E+000
     47.634179     2.3673182E-003     0.0000000E+000
     47.951740     2.4202714E-003     0.0000000E+000
     48.271418     2.2984471E-003     0.0000000E+000
     48.593228     2.4808355E-003     0.0000000E+000
     48.917183     2.3378023E-003     0.0000000E+000
     49.243297     2.4831182E-003     0.0000000E+000
     49.571586     2.3629471E-003     0.0000000E+000
     49.902063     1.7804970E-003     0.0000000E+000
