
      0.100000     1.4008604E-003     0.0000000E+000
      0.100667     1.4204106E-003     0.0000000E+000
      0.101338     1.4666230E-003     0.0000000E+000
      0.102013     1.5585501E-003     0.0000000E+000
      0.102693     1.7102779E-003     0.0000000E+000
      0.103378     1.9054752E-003     0.0000000E+000
      0.104067     2.0899116E-003     0.0000000E+000
      0.104761     2.2189956E-003     0.0000000E+000
      0.105459     2.3009765E-003     0.0000000E+000
      0.106163     2.3628873E-003     0.0000000E+000
      0.106870     2.4169125E-003     0.0000000E+000
      0.107583     2.4650944E-003     0.0000000E+000
      0.108300     2.5074107E-003     0.0000000E+000
      0.109022     2.5436878E-003     0.0000000E+000
      0.109749     2.5737783E-003     0.0000000E+000
      0.110480     2.5975769E-003     0.0000000E+000
      0.111217     2.6150267E-003     0.0000000E+000
      0.111958     2.6261206E-003     0.0000000E+000
      0.112705     2.6309019E-003     0.0000000E+000
      0.113456     2.6294636E-003     0.0000000E+000
      0.114213     2.6219467E-003     0.0000000E+000
      0.114974     2.6085390E-003     0.0000000E+000
      0.115740     2.5894752E-003     0.0000000E+000
      0.116512     2.5650394E-003     0.0000000E+000
      0.117289     2.5355743E-003     0.0000000E+000
      0.118071     2.5015058E-003     0.0000000E+000
      0.118858     2.4634009E-003     0.0000000E+000
      0.119650     2.4220967E-003     0.0000000E+000
      0.120448     2.3789142E-003     0.0000000E+000
      0.121251     2.3357386E-003     0.0000000E+000
      0.122059     2.2952780E-003     0.0000000E+000
      0.122873     2.2639521E-003     0.0000000E+000
      0.123692     2.2523527E-003     0.0000000E+000
      0.124517     2.2636163E-003     0.0000000E+000
      0.125347     2.2885931E-003     0.0000000E+000
      0.126182     2.3170864E-003     0.0000000E+000
      0.127024     2.3441019E-003     0.0000000E+000
      0.127871     2.3678772E-003     0.0000000E+000
      0.128723     2.3876893E-003     0.0000000E+000
      0.129581     2.4031687E-003     0.0000000E+000
      0.130445     2.4141713E-003     0.0000000E+000
      0.131315     2.4207378E-003     0.0000000E+000
      0.132190     2.4230694E-003     0.0000000E+000
      0.133071     2.4215183E-003     0.0000000E+000
      0.133959     2.4165864E-003     0.0000000E+000
      0.134852     2.4089270E-003     0.0000000E+000
      0.135751     2.3993343E-003     0.0000000E+000
      0.136656     2.3887099E-003     0.0000000E+000
      0.137567     2.3779941E-003     0.0000000E+000
      0.138484     2.3680615E-003     0.0000000E+000
      0.139407     2.3596003E-003     0.0000000E+000
      0.140336     2.3530115E-003     0.0000000E+000
      0.141272     2.3483668E-003     0.0000000E+000
      0.142214     2.3454496E-003     0.0000000E+000
      0.143162     2.3438596E-003     0.0000000E+000
      0.144116     2.3431357E-003     0.0000000E+000
      0.145077     2.3428503E-003     0.0000000E+000
      0.146044     2.3426576E-003     0.0000000E+000
      0.147018     2.3423046E-003     0.0000000E+000
      0.147998     2.3416198E-003     0.0000000E+000
      0.148985     2.3404946E-003     0.0000000E+000
      0.149978     2.3388639E-003     0.0000000E+000
      0.150978     2.3366906E-003     0.0000000E+000
      0.151984     2.3339543E-003     0.0000000E+000
      0.152997     2.3306429E-003     0.0000000E+000
      0.154017     2.3267473E-003     0.0000000E+000
      0.155044     2.3222581E-003     0.0000000E+000
      0.156078     2.3171653E-003     0.0000000E+000
      0.157118     2.3114466E-003     0.0000000E+000
      0.158166     2.3050749E-003     0.0000000E+000
      0.159220     2.2980125E-003     0.0000000E+000
      0.160282     2.2902100E-003     0.0000000E+000
      0.161350     2.2816035E-003     0.0000000E+000
      0.162426     2.2721131E-003     0.0000000E+000
      0.163509     2.2616415E-003     0.0000000E+000
      0.164599     2.2500736E-003     0.0000000E+000
      0.165696     2.2372761E-003     0.0000000E+000
      0.166801     2.2231001E-003     0.0000000E+000
      0.167913     2.2073841E-003     0.0000000E+000
      0.169032     2.1899597E-003     0.0000000E+000
      0.170159     2.1706591E-003     0.0000000E+000
      0.171293     2.1493692E-003     0.0000000E+000
      0.172435     2.1259304E-003     0.0000000E+000
      0.173585     2.1002386E-003     0.0000000E+000
      0.174742     2.0722411E-003     0.0000000E+000
      0.175907     2.0419425E-003     0.0000000E+000
      0.177080     2.0094138E-003     0.0000000E+000
      0.178260     1.9747967E-003     0.0000000E+000
      0.179449     1.9383049E-003     0.0000000E+000
      0.180645     1.9002189E-003     0.0000000E+000
      0.181849     1.8608772E-003     0.0000000E+000
      0.183062     1.8206635E-003     0.0000000E+000
      0.184282     1.7800012E-003     0.0000000E+000
      0.185511     1.7393080E-003     0.0000000E+000
      0.186747     1.6989962E-003     0.0000000E+000
      0.187992     1.6594803E-003     0.0000000E+000
      0.189246     1.6211929E-003     0.0000000E+000
      0.190507     1.5843603E-003     0.0000000E+000
      0.191777     1.5492410E-003     0.0000000E+000
      0.193056     1.5160366E-003     0.0000000E+000
      0.194343     1.4848923E-003     0.0000000E+000
      0.195639     1.4558988E-003     0.0000000E+000
      0.196943     1.4290973E-003     0.0000000E+000
      0.198256     1.4044847E-003     0.0000000E+000
      0.199577     1.3820252E-003     0.0000000E+000
      0.200908     1.3616542E-003     0.0000000E+000
      0.202247     1.3432663E-003     0.0000000E+000
      0.203596     1.3267505E-003     0.0000000E+000
      0.204953     1.3119845E-003     0.0000000E+000
      0.206319     1.2988392E-003     0.0000000E+000
      0.207695     1.2871852E-003     0.0000000E+000
      0.209079     1.2769595E-003     0.0000000E+000
      0.210473     1.2679648E-003     0.0000000E+000
      0.211876     1.2600795E-003     0.0000000E+000
      0.213289     1.2531888E-003     0.0000000E+000
      0.214711     1.2471930E-003     0.0000000E+000
      0.216142     1.2419847E-003     0.0000000E+000
      0.217583     1.2374727E-003     0.0000000E+000
      0.219034     1.2335747E-003     0.0000000E+000
      0.220494     1.2302161E-003     0.0000000E+000
      0.221964     1.2273303E-003     0.0000000E+000
      0.223444     1.2248576E-003     0.0000000E+000
      0.224933     1.2227448E-003     0.0000000E+000
      0.226433     1.2209450E-003     0.0000000E+000
      0.227943     1.2194194E-003     0.0000000E+000
      0.229462     1.2181302E-003     0.0000000E+000
      0.230992     1.2170579E-003     0.0000000E+000
      0.232532     1.2161771E-003     0.0000000E+000
      0.234082     1.2154462E-003     0.0000000E+000
      0.235643     1.2148443E-003     0.0000000E+000
      0.237214     1.2143531E-003     0.0000000E+000
      0.238795     1.2139570E-003     0.0000000E+000
      0.240387     1.2136422E-003     0.0000000E+000
      0.241990     1.2133988E-003     0.0000000E+000
      0.243603     1.2132151E-003     0.0000000E+000
      0.245227     1.2130819E-003     0.0000000E+000
      0.246862     1.2129920E-003     0.0000000E+000
      0.248507     1.2129389E-003     0.0000000E+000
      0.250164     1.2129173E-003     0.0000000E+000
      0.251832     1.2129225E-003     0.0000000E+000
      0.253511     1.2129505E-003     0.0000000E+000
      0.255201     1.2129985E-003     0.0000000E+000
      0.256902     1.2130700E-003     0.0000000E+000
      0.258615     1.2131614E-003     0.0000000E+000
      0.260339     1.2132644E-003     0.0000000E+000
      0.262075     1.2133774E-003     0.0000000E+000
      0.263822     1.2134987E-003     0.0000000E+000
      0.265580     1.2136273E-003     0.0000000E+000
      0.267351     1.2137619E-003     0.0000000E+000
      0.269133     1.2139019E-003     0.0000000E+000
      0.270928     1.2140467E-003     0.0000000E+000
      0.272734     1.2141953E-003     0.0000000E+000
      0.274552     1.2143470E-003     0.0000000E+000
      0.276382     1.2145015E-003     0.0000000E+000
      0.278225     1.2146583E-003     0.0000000E+000
      0.280080     1.2148172E-003     0.0000000E+000
      0.281947     1.2149779E-003     0.0000000E+000
      0.283827     1.2151401E-003     0.0000000E+000
      0.285719     1.2153051E-003     0.0000000E+000
      0.287624     1.2154748E-003     0.0000000E+000
      0.289541     1.2156454E-003     0.0000000E+000
      0.291471     1.2158168E-003     0.0000000E+000
      0.293414     1.2159889E-003     0.0000000E+000
      0.295371     1.2161616E-003     0.0000000E+000
      0.297340     1.2163348E-003     0.0000000E+000
      0.299322     1.2165085E-003     0.0000000E+000
      0.301317     1.2182181E-003     0.0000000E+000
      0.303326     1.2187607E-003     0.0000000E+000
      0.305348     1.2190913E-003     0.0000000E+000
      0.307384     1.2204670E-003     0.0000000E+000
      0.309433     1.2207757E-003     0.0000000E+000
      0.311496     1.2209251E-003     0.0000000E+000
      0.313573     1.2241340E-003     0.0000000E+000
      0.315663     1.2240869E-003     0.0000000E+000
      0.317768     1.2225846E-003     0.0000000E+000
      0.319886     1.2212843E-003     0.0000000E+000
      0.322019     1.2215532E-003     0.0000000E+000
      0.324166     1.2209855E-003     0.0000000E+000
      0.326327     1.2228925E-003     0.0000000E+000
      0.328502     1.2229830E-003     0.0000000E+000
      0.330692     1.2264583E-003     0.0000000E+000
      0.332897     1.2279017E-003     0.0000000E+000
      0.335116     1.2362902E-003     0.0000000E+000
      0.337350     1.2375869E-003     0.0000000E+000
      0.339599     1.2315813E-003     0.0000000E+000
      0.341863     1.2290763E-003     0.0000000E+000
      0.344142     1.2270072E-003     0.0000000E+000
      0.346437     1.2261871E-003     0.0000000E+000
      0.348746     1.2279117E-003     0.0000000E+000
      0.351071     1.2254706E-003     0.0000000E+000
      0.353412     1.2278528E-003     0.0000000E+000
      0.355768     1.2301493E-003     0.0000000E+000
      0.358139     1.2349335E-003     0.0000000E+000
      0.360527     1.2443129E-003     0.0000000E+000
      0.362931     1.2740995E-003     0.0000000E+000
      0.365350     1.2705594E-003     0.0000000E+000
      0.367786     1.2560392E-003     0.0000000E+000
      0.370238     1.2423394E-003     0.0000000E+000
      0.372706     1.2382154E-003     0.0000000E+000
      0.375191     1.2373632E-003     0.0000000E+000
      0.377692     1.2451829E-003     0.0000000E+000
      0.380210     1.2426776E-003     0.0000000E+000
      0.382745     1.2428264E-003     0.0000000E+000
      0.385296     1.2376728E-003     0.0000000E+000
      0.387865     1.2346074E-003     0.0000000E+000
      0.390451     1.2373511E-003     0.0000000E+000
      0.393054     1.2528917E-003     0.0000000E+000
      0.395674     1.2964693E-003     0.0000000E+000
      0.398312     1.3452241E-003     0.0000000E+000
      0.400967     1.3400944E-003     0.0000000E+000
      0.403640     1.3117658E-003     0.0000000E+000
      0.406331     1.2798889E-003     0.0000000E+000
      0.409040     1.2555859E-003     0.0000000E+000
      0.411767     1.2470885E-003     0.0000000E+000
      0.414512     1.2632700E-003     0.0000000E+000
      0.417276     1.3007493E-003     0.0000000E+000
      0.420057     1.2961793E-003     0.0000000E+000
      0.422858     1.2867900E-003     0.0000000E+000
      0.425677     1.2837713E-003     0.0000000E+000
      0.428515     1.2677421E-003     0.0000000E+000
      0.431371     1.2583380E-003     0.0000000E+000
      0.434247     1.2527932E-003     0.0000000E+000
      0.437142     1.2779186E-003     0.0000000E+000
      0.440057     1.3635640E-003     0.0000000E+000
      0.442990     1.4400869E-003     0.0000000E+000
      0.445944     1.4373928E-003     0.0000000E+000
      0.448916     1.4203862E-003     0.0000000E+000
      0.451909     1.3824321E-003     0.0000000E+000
      0.454922     1.3398149E-003     0.0000000E+000
      0.457955     1.3023479E-003     0.0000000E+000
      0.461008     1.2811703E-003     0.0000000E+000
      0.464081     1.2932679E-003     0.0000000E+000
      0.467175     1.3518438E-003     0.0000000E+000
      0.470290     1.4004308E-003     0.0000000E+000
      0.473425     1.3962224E-003     0.0000000E+000
      0.476581     1.3828204E-003     0.0000000E+000
      0.479758     1.3546847E-003     0.0000000E+000
      0.482957     1.3383295E-003     0.0000000E+000
      0.486176     1.3845932E-003     0.0000000E+000
      0.489417     1.3605565E-003     0.0000000E+000
      0.492680     1.3674399E-003     0.0000000E+000
      0.495965     1.3659093E-003     0.0000000E+000
      0.499271     1.4412325E-003     0.0000000E+000
      0.502600     1.5407256E-003     0.0000000E+000
      0.505950     1.5404061E-003     0.0000000E+000
      0.509323     1.5406817E-003     0.0000000E+000
      0.512719     1.5236963E-003     0.0000000E+000
      0.516137     1.4822925E-003     0.0000000E+000
      0.519578     1.4313583E-003     0.0000000E+000
      0.523042     1.4010573E-003     0.0000000E+000
      0.526529     1.3882260E-003     0.0000000E+000
      0.530039     1.3955839E-003     0.0000000E+000
      0.533572     1.3953352E-003     0.0000000E+000
      0.537130     1.4379030E-003     0.0000000E+000
      0.540711     1.5196396E-003     0.0000000E+000
      0.544315     1.5161738E-003     0.0000000E+000
      0.547944     1.5163165E-003     0.0000000E+000
      0.551597     1.4995227E-003     0.0000000E+000
      0.555274     1.4657929E-003     0.0000000E+000
      0.558976     1.4325856E-003     0.0000000E+000
      0.562703     1.4168722E-003     0.0000000E+000
      0.566454     1.4653720E-003     0.0000000E+000
      0.570230     1.5388517E-003     0.0000000E+000
      0.574032     1.5291588E-003     0.0000000E+000
      0.577859     1.5321322E-003     0.0000000E+000
      0.581711     1.5562716E-003     0.0000000E+000
      0.585589     1.5844906E-003     0.0000000E+000
      0.589493     1.7042027E-003     0.0000000E+000
      0.593423     1.6621007E-003     0.0000000E+000
      0.597379     1.6620446E-003     0.0000000E+000
      0.601362     1.6497480E-003     0.0000000E+000
      0.605371     1.6123375E-003     0.0000000E+000
      0.609407     1.5675797E-003     0.0000000E+000
      0.613469     1.5194520E-003     0.0000000E+000
      0.617559     1.4891314E-003     0.0000000E+000
      0.621676     1.4808490E-003     0.0000000E+000
      0.625821     1.5391460E-003     0.0000000E+000
      0.629993     1.5188364E-003     0.0000000E+000
      0.634193     1.5386476E-003     0.0000000E+000
      0.638421     1.5609138E-003     0.0000000E+000
      0.642677     1.5909106E-003     0.0000000E+000
      0.646961     1.6746735E-003     0.0000000E+000
      0.651275     1.6427597E-003     0.0000000E+000
      0.655616     1.6434780E-003     0.0000000E+000
      0.659987     1.6294257E-003     0.0000000E+000
      0.664387     1.6091341E-003     0.0000000E+000
      0.668816     1.5755578E-003     0.0000000E+000
      0.673275     1.5398081E-003     0.0000000E+000
      0.677764     1.5251715E-003     0.0000000E+000
      0.682282     1.5333565E-003     0.0000000E+000
      0.686831     1.5339337E-003     0.0000000E+000
      0.691409     1.6784330E-003     0.0000000E+000
      0.696019     1.6825244E-003     0.0000000E+000
      0.700659     1.6911725E-003     0.0000000E+000
      0.705330     1.7034189E-003     0.0000000E+000
      0.710032     1.7210701E-003     0.0000000E+000
      0.714766     1.7881264E-003     0.0000000E+000
      0.719531     1.8439687E-003     0.0000000E+000
      0.724328     1.8133789E-003     0.0000000E+000
      0.729157     1.8073485E-003     0.0000000E+000
      0.734018     1.7939561E-003     0.0000000E+000
      0.738911     1.7818111E-003     0.0000000E+000
      0.743837     1.7533194E-003     0.0000000E+000
      0.748796     1.7247083E-003     0.0000000E+000
      0.753788     1.6964944E-003     0.0000000E+000
      0.758813     1.6700480E-003     0.0000000E+000
      0.763872     1.6479455E-003     0.0000000E+000
      0.768964     1.6376633E-003     0.0000000E+000
      0.774091     1.6313749E-003     0.0000000E+000
      0.779252     1.6493820E-003     0.0000000E+000
      0.784447     1.6808790E-003     0.0000000E+000
      0.789676     1.6836694E-003     0.0000000E+000
      0.794941     1.6906450E-003     0.0000000E+000
      0.800240     1.7271630E-003     0.0000000E+000
      0.805575     1.7472031E-003     0.0000000E+000
      0.810946     1.8389087E-003     0.0000000E+000
      0.816352     1.8349114E-003     0.0000000E+000
      0.821794     1.8292467E-003     0.0000000E+000
      0.827273     1.8097331E-003     0.0000000E+000
      0.832788     1.8179865E-003     0.0000000E+000
      0.838340     1.8124983E-003     0.0000000E+000
      0.843929     1.7940177E-003     0.0000000E+000
      0.849555     1.7745265E-003     0.0000000E+000
      0.855219     1.7497749E-003     0.0000000E+000
      0.860920     1.7280736E-003     0.0000000E+000
      0.866660     1.7177413E-003     0.0000000E+000
      0.872438     1.7224906E-003     0.0000000E+000
      0.878254     1.7210287E-003     0.0000000E+000
      0.884109     1.7503665E-003     0.0000000E+000
      0.890003     1.8576072E-003     0.0000000E+000
      0.895936     1.8851333E-003     0.0000000E+000
      0.901909     1.8848946E-003     0.0000000E+000
      0.907922     1.8545934E-003     0.0000000E+000
      0.913975     1.8944402E-003     0.0000000E+000
      0.920068     1.8902384E-003     0.0000000E+000
      0.926202     1.9799535E-003     0.0000000E+000
      0.932376     2.0615616E-003     0.0000000E+000
      0.938592     2.0483239E-003     0.0000000E+000
      0.944849     2.0176020E-003     0.0000000E+000
      0.951148     2.0190367E-003     0.0000000E+000
      0.957489     2.0352519E-003     0.0000000E+000
      0.963873     2.0170685E-003     0.0000000E+000
      0.970299     1.9893183E-003     0.0000000E+000
      0.976767     1.9823000E-003     0.0000000E+000
      0.983279     1.9675820E-003     0.0000000E+000
      0.989834     1.9394018E-003     0.0000000E+000
      0.996433     1.9194544E-003     0.0000000E+000
      1.003076     1.8935293E-003     0.0000000E+000
      1.009763     1.8591458E-003     0.0000000E+000
      1.016495     1.8307897E-003     0.0000000E+000
      1.023272     1.8039724E-003     0.0000000E+000
      1.030093     1.7869899E-003     0.0000000E+000
      1.036961     1.7615596E-003     0.0000000E+000
      1.043874     1.7549991E-003     0.0000000E+000
      1.050833     1.7548646E-003     0.0000000E+000
      1.057838     1.7552036E-003     0.0000000E+000
      1.064891     1.7643270E-003     0.0000000E+000
      1.071990     1.7754303E-003     0.0000000E+000
      1.079137     1.7926925E-003     0.0000000E+000
      1.086331     1.8300430E-003     0.0000000E+000
      1.093573     1.9380059E-003     0.0000000E+000
      1.100863     1.9941750E-003     0.0000000E+000
      1.108203     2.0243029E-003     0.0000000E+000
      1.115591     2.0714494E-003     0.0000000E+000
      1.123028     2.0718153E-003     0.0000000E+000
      1.130515     2.0783261E-003     0.0000000E+000
      1.138051     2.0786709E-003     0.0000000E+000
      1.145638     2.0687262E-003     0.0000000E+000
      1.153276     2.0761871E-003     0.0000000E+000
      1.160965     2.0728269E-003     0.0000000E+000
      1.168704     2.0676025E-003     0.0000000E+000
      1.176496     2.0644096E-003     0.0000000E+000
      1.184339     2.0298398E-003     0.0000000E+000
      1.192235     1.9966373E-003     0.0000000E+000
      1.200183     1.9641076E-003     0.0000000E+000
      1.208184     1.9381197E-003     0.0000000E+000
      1.216239     1.9087369E-003     0.0000000E+000
      1.224347     1.8897464E-003     0.0000000E+000
      1.232509     1.8648523E-003     0.0000000E+000
      1.240726     1.8461920E-003     0.0000000E+000
      1.248997     1.8225747E-003     0.0000000E+000
      1.257324     1.8146110E-003     0.0000000E+000
      1.265706     1.8217272E-003     0.0000000E+000
      1.274144     1.8382119E-003     0.0000000E+000
      1.282639     1.8647643E-003     0.0000000E+000
      1.291189     1.8942952E-003     0.0000000E+000
      1.299797     1.9126659E-003     0.0000000E+000
      1.308463     1.9283288E-003     0.0000000E+000
      1.317186     1.9612777E-003     0.0000000E+000
      1.325967     2.0055097E-003     0.0000000E+000
      1.334807     2.1674717E-003     0.0000000E+000
      1.343706     2.2307215E-003     0.0000000E+000
      1.352664     2.2875046E-003     0.0000000E+000
      1.361681     2.3078067E-003     0.0000000E+000
      1.370759     2.3047222E-003     0.0000000E+000
      1.379898     2.2889714E-003     0.0000000E+000
      1.389097     2.2779281E-003     0.0000000E+000
      1.398358     2.2941372E-003     0.0000000E+000
      1.407680     2.3155147E-003     0.0000000E+000
      1.417064     2.3266813E-003     0.0000000E+000
      1.426512     2.3267569E-003     0.0000000E+000
      1.436022     2.3193868E-003     0.0000000E+000
      1.445595     2.2906675E-003     0.0000000E+000
      1.455232     2.2329166E-003     0.0000000E+000
      1.464934     2.2400811E-003     0.0000000E+000
      1.474700     2.2112886E-003     0.0000000E+000
      1.484532     2.2012199E-003     0.0000000E+000
      1.494428     2.1752588E-003     0.0000000E+000
      1.504391     2.1550651E-003     0.0000000E+000
      1.514421     2.1183857E-003     0.0000000E+000
      1.524517     2.0893932E-003     0.0000000E+000
      1.534680     2.0592152E-003     0.0000000E+000
      1.544911     2.0218488E-003     0.0000000E+000
      1.555211     1.9915425E-003     0.0000000E+000
      1.565579     1.9552717E-003     0.0000000E+000
      1.576016     1.9344683E-003     0.0000000E+000
      1.586523     1.9148066E-003     0.0000000E+000
      1.597100     1.9215932E-003     0.0000000E+000
      1.607747     1.9442569E-003     0.0000000E+000
      1.618465     1.9685556E-003     0.0000000E+000
      1.629255     1.9789066E-003     0.0000000E+000
      1.640117     1.9713805E-003     0.0000000E+000
      1.651051     1.9713343E-003     0.0000000E+000
      1.662058     1.9852292E-003     0.0000000E+000
      1.673138     2.0043528E-003     0.0000000E+000
      1.684292     1.9858904E-003     0.0000000E+000
      1.695521     2.0030100E-003     0.0000000E+000
      1.706825     2.0043139E-003     0.0000000E+000
      1.718203     2.0294100E-003     0.0000000E+000
      1.729658     2.0545394E-003     0.0000000E+000
      1.741189     2.0727832E-003     0.0000000E+000
      1.752797     2.0891985E-003     0.0000000E+000
      1.764482     2.1181054E-003     0.0000000E+000
      1.776246     2.1516438E-003     0.0000000E+000
      1.788087     2.1817009E-003     0.0000000E+000
      1.800008     2.2036531E-003     0.0000000E+000
      1.812008     2.2207046E-003     0.0000000E+000
      1.824088     2.2354484E-003     0.0000000E+000
      1.836248     2.2447574E-003     0.0000000E+000
      1.848490     2.2711906E-003     0.0000000E+000
      1.860813     2.3126922E-003     0.0000000E+000
      1.873219     2.2797603E-003     0.0000000E+000
      1.885707     2.2284320E-003     0.0000000E+000
      1.898278     2.2103860E-003     0.0000000E+000
      1.910934     2.1980296E-003     0.0000000E+000
      1.923673     2.2049988E-003     0.0000000E+000
      1.936498     2.2489330E-003     0.0000000E+000
      1.949408     2.2508802E-003     0.0000000E+000
      1.962404     2.2397638E-003     0.0000000E+000
      1.975486     2.2303713E-003     0.0000000E+000
      1.988656     2.2163020E-003     0.0000000E+000
      2.001914     2.1931150E-003     0.0000000E+000
      2.015260     2.1671130E-003     0.0000000E+000
      2.028695     2.1333288E-003     0.0000000E+000
      2.042220     2.0927698E-003     0.0000000E+000
      2.055834     2.0701841E-003     0.0000000E+000
      2.069540     2.0447216E-003     0.0000000E+000
      2.083337     2.0209893E-003     0.0000000E+000
      2.097226     2.0102124E-003     0.0000000E+000
      2.111207     1.9993656E-003     0.0000000E+000
      2.125282     1.9967098E-003     0.0000000E+000
      2.139451     1.9930344E-003     0.0000000E+000
      2.153714     2.0024097E-003     0.0000000E+000
      2.168072     2.0074201E-003     0.0000000E+000
      2.182526     2.0206233E-003     0.0000000E+000
      2.197076     2.0499277E-003     0.0000000E+000
      2.211723     2.0572916E-003     0.0000000E+000
      2.226468     2.0609445E-003     0.0000000E+000
      2.241311     2.0740281E-003     0.0000000E+000
      2.256253     2.0741491E-003     0.0000000E+000
      2.271295     2.0867830E-003     0.0000000E+000
      2.286437     2.0929110E-003     0.0000000E+000
      2.301679     2.0867007E-003     0.0000000E+000
      2.317024     2.0980678E-003     0.0000000E+000
      2.332471     2.1030459E-003     0.0000000E+000
      2.348021     2.1295346E-003     0.0000000E+000
      2.363674     2.1313232E-003     0.0000000E+000
      2.379432     2.1553539E-003     0.0000000E+000
      2.395295     2.1318101E-003     0.0000000E+000
      2.411263     2.1648438E-003     0.0000000E+000
      2.427339     2.1812277E-003     0.0000000E+000
      2.443521     2.2121332E-003     0.0000000E+000
      2.459811     2.2354861E-003     0.0000000E+000
      2.476210     2.2715038E-003     0.0000000E+000
      2.492718     2.2892915E-003     0.0000000E+000
      2.509336     2.3518507E-003     0.0000000E+000
      2.526065     2.3546582E-003     0.0000000E+000
      2.542905     2.3864092E-003     0.0000000E+000
      2.559858     2.4139160E-003     0.0000000E+000
      2.576924     2.3869644E-003     0.0000000E+000
      2.594103     2.3846576E-003     0.0000000E+000
      2.611397     2.3588567E-003     0.0000000E+000
      2.628806     2.3612285E-003     0.0000000E+000
      2.646332     2.3564464E-003     0.0000000E+000
      2.663974     2.3875608E-003     0.0000000E+000
      2.681734     2.4288159E-003     0.0000000E+000
      2.699612     2.4594167E-003     0.0000000E+000
      2.717610     2.4526755E-003     0.0000000E+000
      2.735727     2.4093535E-003     0.0000000E+000
      2.753965     2.3866710E-003     0.0000000E+000
      2.772325     2.4369137E-003     0.0000000E+000
      2.790807     2.4130304E-003     0.0000000E+000
      2.809412     2.4563558E-003     0.0000000E+000
      2.828142     2.4329907E-003     0.0000000E+000
      2.846996     2.4489129E-003     0.0000000E+000
      2.865976     2.4003596E-003     0.0000000E+000
      2.885083     2.4122239E-003     0.0000000E+000
      2.904316     2.4388830E-003     0.0000000E+000
      2.923679     2.4101849E-003     0.0000000E+000
      2.943170     2.3848498E-003     0.0000000E+000
      2.962791     2.3955032E-003     0.0000000E+000
      2.982543     2.3578191E-003     0.0000000E+000
      3.002426     2.3604606E-003     0.0000000E+000
      3.022443     2.3184093E-003     0.0000000E+000
      3.042592     2.3366466E-003     0.0000000E+000
      3.062876     2.3007987E-003     0.0000000E+000
      3.083295     2.2786637E-003     0.0000000E+000
      3.103851     2.2897209E-003     0.0000000E+000
      3.124543     2.2631500E-003     0.0000000E+000
      3.145373     2.2781830E-003     0.0000000E+000
      3.166342     2.2638359E-003     0.0000000E+000
      3.187451     2.2524039E-003     0.0000000E+000
      3.208701     2.2660491E-003     0.0000000E+000
      3.230092     2.2387162E-003     0.0000000E+000
      3.251626     2.2093527E-003     0.0000000E+000
      3.273304     2.2073862E-003     0.0000000E+000
      3.295126     2.2104462E-003     0.0000000E+000
      3.317093     2.2540594E-003     0.0000000E+000
      3.339207     2.2488126E-003     0.0000000E+000
      3.361469     2.2190592E-003     0.0000000E+000
      3.383879     2.2105902E-003     0.0000000E+000
      3.406438     2.2105078E-003     0.0000000E+000
      3.429147     2.2040071E-003     0.0000000E+000
      3.452008     2.1949538E-003     0.0000000E+000
      3.475022     2.1829031E-003     0.0000000E+000
      3.498188     2.1781862E-003     0.0000000E+000
      3.521510     2.1609988E-003     0.0000000E+000
      3.544986     2.1523018E-003     0.0000000E+000
      3.568620     2.1351321E-003     0.0000000E+000
      3.592411     2.1233598E-003     0.0000000E+000
      3.616360     2.1071802E-003     0.0000000E+000
      3.640469     2.0901355E-003     0.0000000E+000
      3.664739     2.0803550E-003     0.0000000E+000
      3.689170     2.0685709E-003     0.0000000E+000
      3.713765     2.0536889E-003     0.0000000E+000
      3.738523     2.0529269E-003     0.0000000E+000
      3.763447     2.0435900E-003     0.0000000E+000
      3.788536     2.0322227E-003     0.0000000E+000
      3.813793     2.0297203E-003     0.0000000E+000
      3.839219     2.0211818E-003     0.0000000E+000
      3.864813     2.0090708E-003     0.0000000E+000
      3.890579     2.0114618E-003     0.0000000E+000
      3.916516     2.0012011E-003     0.0000000E+000
      3.942626     1.9995917E-003     0.0000000E+000
      3.968910     1.9981986E-003     0.0000000E+000
      3.995370     1.9955738E-003     0.0000000E+000
      4.022005     1.9955556E-003     0.0000000E+000
      4.048819     1.9980946E-003     0.0000000E+000
      4.075811     2.0113924E-003     0.0000000E+000
      4.102983     2.0196694E-003     0.0000000E+000
      4.130336     2.0390227E-003     0.0000000E+000
      4.157872     2.0563736E-003     0.0000000E+000
      4.185591     2.0989972E-003     0.0000000E+000
      4.213495     2.1687950E-003     0.0000000E+000
      4.241585     2.2280853E-003     0.0000000E+000
      4.269862     2.2537681E-003     0.0000000E+000
      4.298328     2.2683501E-003     0.0000000E+000
      4.326983     2.2665504E-003     0.0000000E+000
      4.355830     2.2606148E-003     0.0000000E+000
      4.384869     2.2548263E-003     0.0000000E+000
      4.414101     2.2240232E-003     0.0000000E+000
      4.443529     2.2252308E-003     0.0000000E+000
      4.473152     2.1750540E-003     0.0000000E+000
      4.502973     2.1733017E-003     0.0000000E+000
      4.532993     2.1703584E-003     0.0000000E+000
      4.563213     2.1720330E-003     0.0000000E+000
      4.593634     2.1763102E-003     0.0000000E+000
      4.624259     2.2135400E-003     0.0000000E+000
      4.655087     2.2357052E-003     0.0000000E+000
      4.686121     2.2291913E-003     0.0000000E+000
      4.717362     2.2516990E-003     0.0000000E+000
      4.748811     2.1890566E-003     0.0000000E+000
      4.780470     2.2334470E-003     0.0000000E+000
      4.812339     2.2076770E-003     0.0000000E+000
      4.844422     2.2241628E-003     0.0000000E+000
      4.876718     2.2269757E-003     0.0000000E+000
      4.909229     2.2295569E-003     0.0000000E+000
      4.941957     2.2599578E-003     0.0000000E+000
      4.974904     2.2351691E-003     0.0000000E+000
      5.008070     2.2817544E-003     0.0000000E+000
      5.041457     2.2340710E-003     0.0000000E+000
      5.075067     2.2531458E-003     0.0000000E+000
      5.108900     2.2545687E-003     0.0000000E+000
      5.142960     2.3173352E-003     0.0000000E+000
      5.177246     2.2587481E-003     0.0000000E+000
      5.211761     2.3119992E-003     0.0000000E+000
      5.246506     2.2666630E-003     0.0000000E+000
      5.281483     2.3306514E-003     0.0000000E+000
      5.316693     2.2607767E-003     0.0000000E+000
      5.352137     2.3242453E-003     0.0000000E+000
      5.387818     2.3054577E-003     0.0000000E+000
      5.423737     2.3863059E-003     0.0000000E+000
      5.459895     2.3200900E-003     0.0000000E+000
      5.496295     2.3120693E-003     0.0000000E+000
      5.532937     2.3684000E-003     0.0000000E+000
      5.569823     2.3885746E-003     0.0000000E+000
      5.606955     2.3441851E-003     0.0000000E+000
      5.644335     2.3227868E-003     0.0000000E+000
      5.681964     2.3532337E-003     0.0000000E+000
      5.719843     2.4007841E-003     0.0000000E+000
      5.757976     2.3381832E-003     0.0000000E+000
      5.796362     2.3364998E-003     0.0000000E+000
      5.835005     2.3777907E-003     0.0000000E+000
      5.873905     2.3836594E-003     0.0000000E+000
      5.913064     2.3286188E-003     0.0000000E+000
      5.952484     2.3681774E-003     0.0000000E+000
      5.992168     2.2858582E-003     0.0000000E+000
      6.032115     2.3502050E-003     0.0000000E+000
      6.072330     2.2702026E-003     0.0000000E+000
      6.112812     2.2651362E-003     0.0000000E+000
      6.153564     2.2762906E-003     0.0000000E+000
      6.194588     2.2280854E-003     0.0000000E+000
      6.235885     2.2337118E-003     0.0000000E+000
      6.277457     2.2148392E-003     0.0000000E+000
      6.319307     2.2067451E-003     0.0000000E+000
      6.361436     2.2376914E-003     0.0000000E+000
      6.403845     2.3087304E-003     0.0000000E+000
      6.446538     2.2976020E-003     0.0000000E+000
      6.489515     2.4245322E-003     0.0000000E+000
      6.532778     2.3984967E-003     0.0000000E+000
      6.576330     2.4880764E-003     0.0000000E+000
      6.620172     2.5434388E-003     0.0000000E+000
      6.664307     2.4409556E-003     0.0000000E+000
      6.708735     2.4190560E-003     0.0000000E+000
      6.753460     2.3872845E-003     0.0000000E+000
      6.798483     2.4413201E-003     0.0000000E+000
      6.843806     2.4726438E-003     0.0000000E+000
      6.889432     2.3878916E-003     0.0000000E+000
      6.935361     2.3768937E-003     0.0000000E+000
      6.981597     2.3409446E-003     0.0000000E+000
      7.028141     2.4011619E-003     0.0000000E+000
      7.074995     2.3939491E-003     0.0000000E+000
      7.122162     2.3730994E-003     0.0000000E+000
      7.169643     2.3384072E-003     0.0000000E+000
      7.217441     2.3681838E-003     0.0000000E+000
      7.265557     2.3641807E-003     0.0000000E+000
      7.313994     2.3601063E-003     0.0000000E+000
      7.362754     2.3669745E-003     0.0000000E+000
      7.411839     2.3341680E-003     0.0000000E+000
      7.461251     2.3636941E-003     0.0000000E+000
      7.510993     2.3288641E-003     0.0000000E+000
      7.561066     2.3371513E-003     0.0000000E+000
      7.611473     2.3758397E-003     0.0000000E+000
      7.662217     2.3254599E-003     0.0000000E+000
      7.713298     2.3545418E-003     0.0000000E+000
      7.764720     2.3579995E-003     0.0000000E+000
      7.816485     2.3169908E-003     0.0000000E+000
      7.868595     2.3955257E-003     0.0000000E+000
      7.921052     2.3137070E-003     0.0000000E+000
      7.973859     2.3294963E-003     0.0000000E+000
      8.027018     2.3225365E-003     0.0000000E+000
      8.080531     2.2937944E-003     0.0000000E+000
      8.134402     2.2876847E-003     0.0000000E+000
      8.188631     2.3154464E-003     0.0000000E+000
      8.243222     2.2782115E-003     0.0000000E+000
      8.298177     2.2702124E-003     0.0000000E+000
      8.353498     2.3066650E-003     0.0000000E+000
      8.409188     2.2262210E-003     0.0000000E+000
      8.465249     2.2319509E-003     0.0000000E+000
      8.521684     2.2434053E-003     0.0000000E+000
      8.578495     2.2128176E-003     0.0000000E+000
      8.635685     2.1830255E-003     0.0000000E+000
      8.693257     2.2024697E-003     0.0000000E+000
      8.751212     2.1916623E-003     0.0000000E+000
      8.809553     2.2007890E-003     0.0000000E+000
      8.868283     2.1518164E-003     0.0000000E+000
      8.927405     2.1610421E-003     0.0000000E+000
      8.986921     2.1587785E-003     0.0000000E+000
      9.046834     2.1506514E-003     0.0000000E+000
      9.107146     2.1296401E-003     0.0000000E+000
      9.167861     2.1124405E-003     0.0000000E+000
      9.228980     2.1192084E-003     0.0000000E+000
      9.290506     2.1220628E-003     0.0000000E+000
      9.352443     2.0916898E-003     0.0000000E+000
      9.414793     2.1287799E-003     0.0000000E+000
      9.477558     2.1100951E-003     0.0000000E+000
      9.540742     2.0584413E-003     0.0000000E+000
      9.604346     2.0997061E-003     0.0000000E+000
      9.668375     2.0815015E-003     0.0000000E+000
      9.732831     2.0666386E-003     0.0000000E+000
      9.797717     2.0686333E-003     0.0000000E+000
      9.863035     2.1063318E-003     0.0000000E+000
      9.928789     2.0709153E-003     0.0000000E+000
      9.994980     2.0549760E-003     0.0000000E+000
     10.061614     2.0704465E-003     0.0000000E+000
     10.128691     2.0247565E-003     0.0000000E+000
     10.196216     2.0251645E-003     0.0000000E+000
     10.264190     2.0525816E-003     0.0000000E+000
     10.332618     2.0772200E-003     0.0000000E+000
     10.401503     2.1213842E-003     0.0000000E+000
     10.470846     2.0672972E-003     0.0000000E+000
     10.540651     2.0458469E-003     0.0000000E+000
     10.610923     2.0771775E-003     0.0000000E+000
     10.681662     2.0232973E-003     0.0000000E+000
     10.752873     2.0550914E-003     0.0000000E+000
     10.824559     2.0240349E-003     0.0000000E+000
     10.896723     2.0644914E-003     0.0000000E+000
     10.969367     2.1332367E-003     0.0000000E+000
     11.042497     2.1153465E-003     0.0000000E+000
     11.116113     2.0337838E-003     0.0000000E+000
     11.190221     2.0720783E-003     0.0000000E+000
     11.264822     2.0575052E-003     0.0000000E+000
     11.339921     2.0829576E-003     0.0000000E+000
     11.415520     2.0271621E-003     0.0000000E+000
     11.491624     2.0397391E-003     0.0000000E+000
     11.568235     2.0844374E-003     0.0000000E+000
     11.645356     2.1017351E-003     0.0000000E+000
     11.722992     2.1729298E-003     0.0000000E+000
     11.801145     2.0891082E-003     0.0000000E+000
     11.879820     2.0974377E-003     0.0000000E+000
     11.959018     2.0662475E-003     0.0000000E+000
     12.038745     2.0828949E-003     0.0000000E+000
     12.119003     2.1048146E-003     0.0000000E+000
     12.199797     2.0421153E-003     0.0000000E+000
     12.281129     2.1361087E-003     0.0000000E+000
     12.363003     2.1225728E-003     0.0000000E+000
     12.445423     2.1509198E-003     0.0000000E+000
     12.528392     2.1620896E-003     0.0000000E+000
     12.611915     2.1544351E-003     0.0000000E+000
     12.695994     2.1025288E-003     0.0000000E+000
     12.780634     2.1406117E-003     0.0000000E+000
     12.865839     2.1241967E-003     0.0000000E+000
     12.951611     2.1162077E-003     0.0000000E+000
     13.037955     2.1357511E-003     0.0000000E+000
     13.124875     2.1258106E-003     0.0000000E+000
     13.212374     2.1674345E-003     0.0000000E+000
     13.300456     2.1987883E-003     0.0000000E+000
     13.389126     2.1313164E-003     0.0000000E+000
     13.478387     2.2282345E-003     0.0000000E+000
     13.568243     2.1863930E-003     0.0000000E+000
     13.658698     2.1783581E-003     0.0000000E+000
     13.749756     2.1752695E-003     0.0000000E+000
     13.841421     2.2005835E-003     0.0000000E+000
     13.933697     2.1598934E-003     0.0000000E+000
     14.026588     2.2109486E-003     0.0000000E+000
     14.120099     2.2246652E-003     0.0000000E+000
     14.214233     2.2291037E-003     0.0000000E+000
     14.308994     2.2198149E-003     0.0000000E+000
     14.404388     2.2219460E-003     0.0000000E+000
     14.500417     2.2760799E-003     0.0000000E+000
     14.597086     2.2102041E-003     0.0000000E+000
     14.694400     2.2278491E-003     0.0000000E+000
     14.792363     2.2295293E-003     0.0000000E+000
     14.890979     2.3134503E-003     0.0000000E+000
     14.990252     2.2695177E-003     0.0000000E+000
     15.090187     2.2303174E-003     0.0000000E+000
     15.190788     2.2395297E-003     0.0000000E+000
     15.292060     2.2381297E-003     0.0000000E+000
     15.394007     2.2604254E-003     0.0000000E+000
     15.496634     2.2302927E-003     0.0000000E+000
     15.599945     2.3090413E-003     0.0000000E+000
     15.703944     2.2426817E-003     0.0000000E+000
     15.808637     2.2492365E-003     0.0000000E+000
     15.914028     2.1751312E-003     0.0000000E+000
     16.020122     2.2897132E-003     0.0000000E+000
     16.126923     2.2568189E-003     0.0000000E+000
     16.234435     2.3003574E-003     0.0000000E+000
     16.342665     2.2380560E-003     0.0000000E+000
     16.451616     2.2859694E-003     0.0000000E+000
     16.561294     2.2649333E-003     0.0000000E+000
     16.671702     2.3068871E-003     0.0000000E+000
     16.782847     2.2210177E-003     0.0000000E+000
     16.894732     2.2560780E-003     0.0000000E+000
     17.007364     2.2088495E-003     0.0000000E+000
     17.120746     2.2738720E-003     0.0000000E+000
     17.234885     2.2975993E-003     0.0000000E+000
     17.349784     2.3417569E-003     0.0000000E+000
     17.465449     2.2722730E-003     0.0000000E+000
     17.581886     2.2896864E-003     0.0000000E+000
     17.699098     2.3064528E-003     0.0000000E+000
     17.817092     2.2527569E-003     0.0000000E+000
     17.935873     2.2660796E-003     0.0000000E+000
     18.055445     2.2524995E-003     0.0000000E+000
     18.175815     2.2987007E-003     0.0000000E+000
     18.296987     2.2502173E-003     0.0000000E+000
     18.418967     2.2976231E-003     0.0000000E+000
     18.541760     2.3794375E-003     0.0000000E+000
     18.665372     2.3421977E-003     0.0000000E+000
     18.789808     2.2466298E-003     0.0000000E+000
     18.915073     2.2633182E-003     0.0000000E+000
     19.041173     2.2560473E-003     0.0000000E+000
     19.168115     2.2714370E-003     0.0000000E+000
     19.295902     2.3496540E-003     0.0000000E+000
     19.424541     2.3817459E-003     0.0000000E+000
     19.554038     2.2735527E-003     0.0000000E+000
     19.684399     2.2821893E-003     0.0000000E+000
     19.815628     2.3115204E-003     0.0000000E+000
     19.947732     2.3262887E-003     0.0000000E+000
     20.080717     2.2417358E-003     0.0000000E+000
     20.214588     2.3317619E-003     0.0000000E+000
     20.349352     2.3614453E-003     0.0000000E+000
     20.485015     2.3359880E-003     0.0000000E+000
     20.621581     2.2755168E-003     0.0000000E+000
     20.759059     2.2943739E-003     0.0000000E+000
     20.897452     2.2549423E-003     0.0000000E+000
     21.036769     2.3718236E-003     0.0000000E+000
     21.177014     2.4054827E-003     0.0000000E+000
     21.318194     2.3467858E-003     0.0000000E+000
     21.460315     2.2359869E-003     0.0000000E+000
     21.603384     2.3990779E-003     0.0000000E+000
     21.747407     2.3302226E-003     0.0000000E+000
     21.892389     2.3779525E-003     0.0000000E+000
     22.038338     2.3387257E-003     0.0000000E+000
     22.185261     2.3592313E-003     0.0000000E+000
     22.333162     2.3723579E-003     0.0000000E+000
     22.482050     2.3343209E-003     0.0000000E+000
     22.631931     2.3448898E-003     0.0000000E+000
     22.782810     2.2446892E-003     0.0000000E+000
     22.934695     2.3923239E-003     0.0000000E+000
     23.087593     2.2511036E-003     0.0000000E+000
     23.241511     2.2622358E-003     0.0000000E+000
     23.396454     2.2657592E-003     0.0000000E+000
     23.552431     2.4286850E-003     0.0000000E+000
     23.709447     2.3406924E-003     0.0000000E+000
     23.867510     2.4721383E-003     0.0000000E+000
     24.026626     2.2954826E-003     0.0000000E+000
     24.186804     2.2435951E-003     0.0000000E+000
     24.348049     2.2876649E-003     0.0000000E+000
     24.510370     2.3397191E-003     0.0000000E+000
     24.673772     2.3273260E-003     0.0000000E+000
     24.838264     2.2716060E-003     0.0000000E+000
     25.003852     2.4494938E-003     0.0000000E+000
     25.170545     2.3858975E-003     0.0000000E+000
     25.338348     2.3830296E-003     0.0000000E+000
     25.507271     2.3379124E-003     0.0000000E+000
     25.677319     2.3268590E-003     0.0000000E+000
     25.848501     2.2619281E-003     0.0000000E+000
     26.020825     2.3919248E-003     0.0000000E+000
     26.194297     2.2815154E-003     0.0000000E+000
     26.368925     2.2566092E-003     0.0000000E+000
     26.544718     2.4360781E-003     0.0000000E+000
     26.721683     2.4886133E-003     0.0000000E+000
     26.899828     2.2558990E-003     0.0000000E+000
     27.079160     2.3442356E-003     0.0000000E+000
     27.259687     2.3585948E-003     0.0000000E+000
     27.441419     2.2165506E-003     0.0000000E+000
     27.624362     2.2392849E-003     0.0000000E+000
     27.808524     2.2970350E-003     0.0000000E+000
     27.993914     2.4205268E-003     0.0000000E+000
     28.180540     2.4092867E-003     0.0000000E+000
     28.368410     2.4723888E-003     0.0000000E+000
     28.557533     2.4350626E-003     0.0000000E+000
     28.747917     2.2851119E-003     0.0000000E+000
     28.939570     2.2718226E-003     0.0000000E+000
     29.132500     2.3153289E-003     0.0000000E+000
     29.326717     2.3253504E-003     0.0000000E+000
     29.522228     2.4066532E-003     0.0000000E+000
     29.719043     2.2718320E-003     0.0000000E+000
     29.917170     2.3215773E-003     0.0000000E+000
     30.116618     2.3717086E-003     0.0000000E+000
     30.317395     2.2544091E-003     0.0000000E+000
     30.519511     2.4645445E-003     0.0000000E+000
     30.722975     2.3583063E-003     0.0000000E+000
     30.927794     2.3803279E-003     0.0000000E+000
     31.133980     2.4621818E-003     0.0000000E+000
     31.341540     2.2411624E-003     0.0000000E+000
     31.550483     2.2600264E-003     0.0000000E+000
     31.760820     2.3303435E-003     0.0000000E+000
     31.972558     2.3529387E-003     0.0000000E+000
     32.185709     2.2886089E-003     0.0000000E+000
     32.400280     2.3393586E-003     0.0000000E+000
     32.616282     2.2496004E-003     0.0000000E+000
     32.833724     2.4041735E-003     0.0000000E+000
     33.052615     2.5451326E-003     0.0000000E+000
     33.272966     2.3951123E-003     0.0000000E+000
     33.494786     2.3577117E-003     0.0000000E+000
     33.718085     2.2812442E-003     0.0000000E+000
     33.942872     2.2353954E-003     0.0000000E+000
     34.169158     2.2947622E-003     0.0000000E+000
     34.396952     2.4297742E-003     0.0000000E+000
     34.626265     2.4103303E-003     0.0000000E+000
     34.857107     2.3691016E-003     0.0000000E+000
     35.089488     2.4607305E-003     0.0000000E+000
     35.323417     2.4002396E-003     0.0000000E+000
     35.558907     2.4054999E-003     0.0000000E+000
     35.795966     2.4253294E-003     0.0000000E+000
     36.034606     2.4218090E-003     0.0000000E+000
     36.274837     2.4060514E-003     0.0000000E+000
     36.516669     2.2592540E-003     0.0000000E+000
     36.760113     2.4042379E-003     0.0000000E+000
     37.005181     2.3226700E-003     0.0000000E+000
     37.251882     2.4255712E-003     0.0000000E+000
     37.500228     2.4253436E-003     0.0000000E+000
     37.750229     2.3732879E-003     0.0000000E+000
     38.001898     2.3833166E-003     0.0000000E+000
     38.255244     2.3592748E-003     0.0000000E+000
     38.510279     2.2559348E-003     0.0000000E+000
     38.767014     2.3120370E-003     0.0000000E+000
     39.025461     2.3496659E-003     0.0000000E+000
     39.285630     2.4532828E-003     0.0000000E+000
     39.547535     2.2995672E-003     0.0000000E+000
     39.811185     2.3273464E-003     0.0000000E+000
     40.076593     2.5100256E-003     0.0000000E+000
     40.343770     2.5182844E-003     0.0000000E+000
     40.612728     2.5417675E-003     0.0000000E+000
     40.883480     2.4963969E-003     0.0000000E+000
     41.156036     2.3500702E-003     0.0000000E+000
     41.430410     2.3662758E-003     0.0000000E+000
     41.706613     2.2942678E-003     0.0000000E+000
     41.984657     2.3281467E-003     0.0000000E+000
     42.264555     2.3372034E-003     0.0000000E+000
     42.546318     2.3973725E-003     0.0000000E+000
     42.829960     2.3466943E-003     0.0000000E+000
     43.115493     2.5782019E-003     0.0000000E+000
     43.402930     2.4185865E-003     0.0000000E+000
     43.692283     2.4342708E-003     0.0000000E+000
     43.983565     2.5225254E-003     0.0000000E+000
     44.276789     2.3636219E-003     0.0000000E+000
     44.571967     2.3758831E-003     0.0000000E+000
     44.869114     2.4241485E-003     0.0000000E+000
     45.168241     2.4177515E-003     0.0000000E+000
     45.469363     2.3949510E-003     0.0000000E+000
     45.772492     2.3634294E-003     0.0000000E+000
     46.077642     2.4243544E-003     0.0000000E+000
     46.384826     2.3767096E-003     0.0000000E+000
     46.694058     2.4110956E-003     0.0000000E+000
     47.005352     2.4805608E-003     0.0000000E+000
     47.318721     2.4284283E-003     0.0000000E+000
     47.634179     2.3639342E-003     0.0000000E+000
     47.951740     2.4168216E-003     0.0000000E+000
     48.271418     2.2953478E-003     0.0000000E+000
     48.593228     2.4769439E-003     0.0000000E+000
     48.917183     2.3345547E-003     0.0000000E+000
     49.243297     2.4800947E-003     0.0000000E+000
     49.571586     2.3597547E-003     0.0000000E+000
     49.902063     1.7802074E-003     0.0000000E+000
